0.741969
0.734875
0.733231
0.732376
0.730074
0.727128
0.724013
0.719514
0.715755
0.714547
0.712171
0.707875
0.701520
0.695416
0.693277
0.695643
0.698338
0.697901
0.697377
0.695024
0.688692
0.686477
0.689259
0.693778
0.700572
0.710584
0.714028
0.708806
0.705155
0.701204
0.699683
0.701487
0.702346
0.694448
0.688767
0.686772
0.684338
0.682287
0.682316
0.682028
0.680437
0.681069
0.684011
0.687129
0.690163
0.695925
0.701748
0.708151
0.718033
0.725840
0.727112
0.720497
0.712140
0.706624
0.703600
0.703876
0.711767
0.721260
0.729100
0.733791
0.739037
0.742819
0.744282
0.742238
0.736532
0.731521
0.721497
0.713559
0.708243
0.703683
0.700233
0.693841
0.688671
0.686687
0.685879
0.689264
0.689064
0.685599
0.685607
0.690301
0.701116
0.714062
0.722855
0.720455
0.714995
0.711949
0.712600
0.715203
0.715267
0.715256
0.715905
0.711732
0.708134
0.701807
0.699354
0.695598
0.688810
0.682289
0.678728
0.675703
0.675440
0.681213
0.687132
0.692595
0.701591
0.709341
0.712133
0.717065
0.723511
0.734357
0.743286
0.745807
0.744888
0.745661
0.742459
0.740329
0.740116
0.742219
0.743889
0.744957
0.745595
0.739181
0.734002
0.728675
0.724128
0.717475
0.712415
0.710304
0.708485
0.711117
0.715006
0.720636
0.723651
0.725123
0.726872
0.731128
0.733338
0.733259
0.725642
0.718163
0.711419
0.709190
0.713030
0.716395
0.718111
0.712882
0.699767
0.688497
0.684292
0.680859
0.672954
0.673197
0.674586
0.669653
0.662584
0.658171
0.656416
0.658486
0.668746
0.676787
0.680992
0.683501
0.689458
0.698011
0.708224
0.721235
0.735266
0.750799
0.771091
0.787362
0.793409
0.798462
0.807996
0.819202
0.824144
0.828809
0.833502
0.829136
0.819127
0.809671
0.802040
0.798101
0.798199
0.803985
0.807632
0.808713
0.811403
0.811987
0.809006
0.802433
0.794488
0.781144
0.764497
0.746836
0.730633
0.716103
0.693407
0.667898
0.651610
0.649148
0.652958
0.660522
0.669162
0.674935
0.681907
0.692434
0.702827
0.716257
0.731146
0.744537
0.751758
0.749698
0.738394
0.723709
0.709801
0.698158
0.687637
0.679387
0.674671
0.675999
0.683830
0.694586
0.702039
0.703912
0.703755
0.703395
0.703171
0.705452
0.705369
0.700997
0.693041
0.688597
0.691564
0.695263
0.695994
0.696034
0.698267
0.695432
0.701547
0.714398
0.722439
0.725636
0.725915
0.721677
0.717267
0.712670
0.707958
0.703731
0.704832
0.709820
0.719839
0.736383
0.752737
0.759705
0.761900
0.763954
0.761687
0.756109
0.752287
0.749599
0.754620
0.756086
0.754813
0.752835
0.747525
0.743429
0.741639
0.743234
0.745107
0.746530
0.746114
0.750222
0.750825
0.752672
0.753820
0.746886
0.736008
0.721655
0.709678
0.696823
0.685706
0.678560
0.674054
0.671123
0.666698
0.664318
0.661159
0.659695
0.657710
0.657290
0.656005
0.653818
0.652648
0.655866
0.667403
0.686124
0.699696
0.716546
0.733588
0.748031
0.756631
0.761968
0.765431
0.767604
0.768051
0.771545
0.774590
0.775221
0.770599
0.760672
0.750106
0.744020
0.738271
0.732993
0.732636
0.732274
0.728584
0.727646
0.728601
0.723467
0.716358
0.716101
0.718636
0.722365
0.724631
0.727129
0.725223
0.714506
0.704083
0.699115
0.699248
0.701288
0.703569
0.705824
0.705048
0.704993
0.706824
0.703841
0.700874
0.698367
0.693991
0.691265
0.692176
0.700647
0.713226
0.725474
0.733595
0.740045
0.744481
0.751706
0.755683
0.756376
0.755165
0.750554
0.743443
0.740548
0.741713
0.744282
0.743128
0.741315
0.736529
0.738576
0.738784
0.732427
0.720100
0.710064
0.704881
0.701480
0.699103
0.703473
0.714119
0.725979
0.735792
0.747598
0.762295
0.776196
0.789416
0.803289
0.814977
0.821722
0.828542
0.827497
0.819990
0.815007
0.811866
0.807284
0.800114
0.791550
0.780141
0.765982
0.754754
0.741921
0.733473
0.728428
0.723961
0.718054
0.709387
0.700150
0.696801
0.697417
0.699528
0.697242
0.693110
0.683726
0.673981
0.669514
0.663834
0.663308
0.668025
0.670994
0.669969
0.671247
0.669925
0.666845
0.668805
0.674939
0.679128
0.683425
0.693908
0.706828
0.715052
0.723707
0.732596
0.739034
0.741145
0.736103
0.729250
0.723634
0.717725
0.714148
0.711294
0.712080
0.710067
0.710385
0.711479
0.715079
0.717954
0.721069
0.727765
0.729327
0.728882
0.727639
0.730775
0.732788
0.731262
0.730426
0.734330
0.740160
0.745401
0.746004
0.738388
0.731636
0.730448
0.729134
0.725750
0.724231
0.724118
0.729517
0.733553
0.734610
0.735312
0.735870
0.736969
0.739625
0.743035
0.746073
0.749789
0.749985
0.751617
0.758537
0.762910
0.757719
0.745914
0.736385
0.728651
0.720507
0.714980
0.714080
0.711580
0.709533
0.704899
0.703774
0.699975
0.691967
0.685600
0.688982
0.693906
0.695115
0.698338
0.696942
0.693256
0.689933
0.691239
0.690103
0.684829
0.678567
0.669737
0.667209
0.668698
0.671978
0.677292
0.678155
0.671991
0.666064
0.666630
0.671057
0.673656
0.672802
0.673530
0.678333
0.681857
0.679554
0.680725
0.683109
0.687541
0.690101
0.690476
0.694313
0.699588
0.701564
0.701621
0.707725
0.720017
0.727059
0.733396
0.739517
0.748904
0.762062
0.769539
0.773453
0.778171
0.775491
0.771518
0.768861
0.773662
0.779412
0.785765
0.791591
0.789920
0.782982
0.774786
0.766437
0.755497
0.741819
0.730843
0.717775
0.701279
0.683445
0.670236
0.666759
0.668250
0.671427
0.677631
0.686003
0.687590
0.680039
0.670789
0.665865
0.659350
0.654037
0.646959
0.641347
0.637708
0.636247
0.631936
0.631261
0.633539
0.640080
0.648174
0.657723
0.672048
0.683161
0.690193
0.701503
0.710607
0.704469
0.698641
0.699759
0.701886
0.706167
0.710134
0.716333
0.720374
0.720423
0.717577
0.711723
0.704447
0.704220
0.705150
0.705461
0.702511
0.688856
0.670082
0.657784
0.651802
0.647080
0.642482
0.641742
0.648029
0.659463
0.669017
0.674382
0.679999
0.683794
0.690237
0.697314
0.704471
0.709014
0.709886
0.706481
0.702796
0.698207
0.689973
0.681899
0.675026
0.674579
0.680960
0.691276
0.704960
0.719035
0.727667
0.732922
0.738157
0.739202
0.737199
0.732684
0.729520
0.729307
0.730585
0.728368
0.728737
0.728932
0.730058
0.732152
0.742257
0.755942
0.762117
0.761151
0.759741
0.757562
0.749635
0.736114
0.719724
0.706369
0.690616
0.677667
0.668550
0.665052
0.664530
0.667830
0.671624
0.677597
0.687346
0.700037
0.714146
0.726800
0.740819
0.756088
0.773307
0.787295
0.787550
0.786745
0.792598
0.801012
0.805095
0.800991
0.790400
0.776330
0.760864
0.749620
0.743299
0.734181
0.728208
0.719838
0.711801
0.707802
0.704657
0.708276
0.710062
0.706056
0.700158
0.695608
0.693293
0.684886
0.676102
0.675036
0.676286
0.683473
0.689192
0.690620
0.690694
0.693748
0.700550
0.706823
0.713515
0.714661
0.717047
0.718725
0.718220
0.718751
0.716189
0.715452
0.712354
0.709975
0.711704
0.712599
0.710647
0.707120
0.699794
0.689919
0.677889
0.666554
0.657632
0.648251
0.639158
0.630877
0.630318
0.640126
0.648976
0.655067
0.661234
0.668877
0.679430
0.693663
0.703995
0.708503
0.704780
0.700312
0.702123
0.706395
0.716595
0.731942
0.739924
0.746386
0.747513
0.745580
0.747176
0.750054
0.751699
0.756203
0.763938
0.766935
0.765492
0.759091
0.748090
0.732413
0.720719
0.709989
0.706963
0.709275
0.716460
0.727254
0.736583
0.738374
0.738803
0.746827
0.752312
0.751164
0.746123
0.740902
0.737668
0.734410
0.733274
0.728858
0.715960
0.702687
0.688753
0.674100
0.665004
0.656313
0.647968
0.642533
0.638032
0.635724
0.634454
0.634279
0.641603
0.650906
0.663016
0.676757
0.690947
0.701590
0.710988
0.716542
0.721737
0.718821
0.711022
0.709885
0.708187
0.705826
0.701203
0.697390
0.699531
0.700060
0.696949
0.694722
0.691856
0.693478
0.697569
0.697851
0.693677
0.687500
0.684292
0.683885
0.683460
0.685851
0.685847
0.682063
0.680881
0.680414
0.683887
0.688926
0.692849
0.696375
0.699460
0.701284
0.706497
0.710948
0.720860
0.735472
0.743768
0.747561
0.748711
0.744145
0.737004
0.732665
0.729823
0.727347
0.724002
0.714517
0.707290
0.704090
0.698305
0.689324
0.677909
0.669578
0.666650
0.669106
0.674907
0.680450
0.686063
0.690332
0.695540
0.703275
0.707462
0.708873
0.716898
0.723507
0.729444
0.733655
0.741887
0.752112
0.765206
0.774556
0.775399
0.768220
0.763002
0.750590
0.735220
0.722486
0.711490
0.696892
0.683304
0.671272
0.667601
0.669010
0.664923
0.656157
0.644744
0.637878
0.635437
0.636607
0.638761
0.649230
0.660052
0.669878
0.683573
0.699889
0.715378
0.719519
0.716527
0.714533
0.709455
0.701282
0.691040
0.679189
0.669141
0.661668
0.654094
0.648962
0.648555
0.647488
0.648902
0.651768
0.652835
0.652155
0.648091
0.643507
0.641180
0.636733
0.633156
0.636149
0.643781
0.659642
0.676466
0.692986
0.704671
0.711227
0.716482
0.723224
0.724826
0.724546
0.722969
0.717430
0.708723
0.703989
0.696897
0.682973
0.669647
0.660809
0.656382
0.654160
0.656141
0.657168
0.654169
0.648118
0.649781
0.657478
0.670828
0.681994
0.694559
0.705881
0.712243
0.714606
0.713021
0.713980
0.713653
0.711047
0.709953
0.709209
0.706488
0.703223
0.699245
0.699836
0.703314
0.700997
0.692655
0.682899
0.677366
0.674689
0.675791
0.686197
0.696015
0.706284
0.715567
0.721879
0.725422
0.731908
0.744121
0.752810
0.756670
0.753690
0.744085
0.735382
0.726927
0.720603
0.716320
0.714248
0.711548
0.710645
0.710585
0.711658
0.711857
0.710820
0.706752
0.701293
0.696603
0.693328
0.688269
0.680913
0.675316
0.675275
0.675051
0.673993
0.673248
0.668723
0.660934
0.651953
0.637782
0.620150
0.599299
0.584789
0.579828
0.576134
0.570861
0.563528
0.554740
0.549693
0.544619
0.542143
0.547174
0.558615
0.573157
0.584495
0.597142
0.611894
0.627940
0.638123
0.644726
0.652120
0.657666
0.658287
0.657586
0.658252
0.659624
0.658980
0.655471
0.653654
0.653879
0.651773
0.653254
0.652683
0.652687
0.655052
0.664802
0.680173
0.703135
0.721618
0.734157
0.745134
0.749329
0.748986
0.746990
0.747172
0.746074
0.737674
0.723962
0.716914
0.715364
0.710378
0.704176
0.699547
0.700243
0.705179
0.711101
0.717371
0.720579
0.721060
0.724537
0.726631
0.726113
0.722489
0.719561
0.718156