0.0,0.698420
0.0,0.698946
0.0,0.698706
0.0,0.697024
0.0,0.698410
0.0,0.703793
0.0,0.704815
0.0,0.698697
0.0,0.684614
0.0,0.668862
0.0,0.660107
0.0,0.652949
0.0,0.648973
0.0,0.651655
0.0,0.653932
0.0,0.656562
0.0,0.662107
0.0,0.663994
0.0,0.666632
0.0,0.665235
0.0,0.660819
0.0,0.652559
0.0,0.644978
0.0,0.637634
0.0,0.629740
0.0,0.624933
0.0,0.618117
0.0,0.615942
0.0,0.621183
0.0,0.625422
0.0,0.629026
0.0,0.630795
0.0,0.629691
0.0,0.624233
0.0,0.617756
0.0,0.615234
0.0,0.615148
0.0,0.612017
0.0,0.605999
0.0,0.599252
0.0,0.596067
0.0,0.596204
0.0,0.598483
0.0,0.604148
0.0,0.609329
0.0,0.615269
0.0,0.618877
0.0,0.622546
0.0,0.631264
0.0,0.645187
0.0,0.658922
0.0,0.668489
0.0,0.671593
0.0,0.673878
0.0,0.677649
0.0,0.681586
0.0,0.684912
0.0,0.682465
0.0,0.673792
0.0,0.665282
0.0,0.659133
0.0,0.651105
0.0,0.642333
0.0,0.633012
0.0,0.615934
0.0,0.593622
0.0,0.569186
0.0,0.549707
0.0,0.539662
0.0,0.546900
0.0,0.562699
0.0,0.580947
0.0,0.595765
0.0,0.606956
0.0,0.614857
0.0,0.622870
0.0,0.633950
0.0,0.652004
0.0,0.671331
0.0,0.684824
0.0,0.692251
0.0,0.695029
0.0,0.695761
0.0,0.696153
0.0,0.699632
0.0,0.705095
0.0,0.714026
0.0,0.722616
0.0,0.727585
0.0,0.731961
0.0,0.732160
0.0,0.731324
0.0,0.730531
0.0,0.727607
0.0,0.724771
0.0,0.719924
0.0,0.716158
0.0,0.714658
0.0,0.713255
0.0,0.712489
0.0,0.706053
0.0,0.697233
0.0,0.690872
0.0,0.689227
0.0,0.689089
0.0,0.682182
0.0,0.679205
0.0,0.682392
0.0,0.682513
0.0,0.676758
0.0,0.671228
0.0,0.668978
0.0,0.671519
0.0,0.672546
0.0,0.672768
0.0,0.678011
0.0,0.684496
0.0,0.686754
0.0,0.682550
0.0,0.676884
0.0,0.669273
0.0,0.662656
0.0,0.660316
0.0,0.662019
0.0,0.662337
0.0,0.655561
0.0,0.648473
0.0,0.646133
0.0,0.644354
0.0,0.644018
0.0,0.649071
0.0,0.657155
0.0,0.661983
0.0,0.667816
0.0,0.680827
0.0,0.692219
0.0,0.696479
0.0,0.695122
0.0,0.694798
0.0,0.693024
0.0,0.686224
0.0,0.679831
0.0,0.675756
0.0,0.668673
0.0,0.661726
0.0,0.657611
0.0,0.650818
0.0,0.640310
0.0,0.630549
0.0,0.622424
0.0,0.617734
0.0,0.611951
0.0,0.609741
0.0,0.614260
0.0,0.618448
0.0,0.618051
0.0,0.608950
0.0,0.600937
0.0,0.600886
0.0,0.603144
0.0,0.604709
0.0,0.603673
0.0,0.601060
0.0,0.599793
0.0,0.595552
0.0,0.592481
0.0,0.590317
0.0,0.585927
0.0,0.585182
0.0,0.587672
0.0,0.592327
0.0,0.594057
0.0,0.597521
0.0,0.597292
0.0,0.597857
0.0,0.604822
0.0,0.617293
0.0,0.624508
0.0,0.629348
0.0,0.640418
0.0,0.654681
0.0,0.664207
0.0,0.670964
0.0,0.677089
0.0,0.679633
0.0,0.682782
0.0,0.692344
0.0,0.698565
0.0,0.698906
0.0,0.697558
0.0,0.697562
0.0,0.704994
0.0,0.710358
0.0,0.712995
0.0,0.719145
0.0,0.729864
0.0,0.739755
0.0,0.744273
0.0,0.751430
0.0,0.762187
0.0,0.771764
0.0,0.773957
0.0,0.773793
0.0,0.775909
0.0,0.772174
0.0,0.756146
0.0,0.737347
0.0,0.721514
0.0,0.707367
0.0,0.697460
0.0,0.693375
0.0,0.692568
0.0,0.691601
0.0,0.688047
0.0,0.683490
0.0,0.680759
0.0,0.687038
0.0,0.693869
0.0,0.699025
0.0,0.704444
0.0,0.712282
0.0,0.716706
0.0,0.715464
0.0,0.712429
0.0,0.701083
0.0,0.686080
0.0,0.669576
0.0,0.654667
0.0,0.647277
0.0,0.643350
0.0,0.644656
0.0,0.648054
0.0,0.654315
0.0,0.662004
0.0,0.664969
0.0,0.664529
0.0,0.661286
0.0,0.657068
0.0,0.649821
0.0,0.639121
0.0,0.634443
0.0,0.632104
0.0,0.627893
0.0,0.621646
0.0,0.619021
0.0,0.617554
0.0,0.615416
0.0,0.611133
0.0,0.604341
0.0,0.599553
0.0,0.598281
0.0,0.600841
0.0,0.606888
0.0,0.613708
0.0,0.619621
0.0,0.621454
0.0,0.618582
0.0,0.616139
0.0,0.615812
0.0,0.612511
0.0,0.611821
0.0,0.613148
0.0,0.618499
0.0,0.624796
0.0,0.629520
0.0,0.635159
0.0,0.643254
0.0,0.650650
0.0,0.659045
0.0,0.664600
0.0,0.661700
0.0,0.656416
0.0,0.652830
0.0,0.650848
0.0,0.646110
0.0,0.634266
0.0,0.624579
0.0,0.615366
0.0,0.602760
0.0,0.593215
0.0,0.587107
0.0,0.583005
0.0,0.581149
0.0,0.581538
0.0,0.576837
0.0,0.570199
0.0,0.567335
0.0,0.568252
0.0,0.576828
0.0,0.587068
0.0,0.598165
0.0,0.609685
0.0,0.623071
0.0,0.633786
0.0,0.639958
0.0,0.644953
0.0,0.649320
0.0,0.650948
0.0,0.646493
0.0,0.644944
0.0,0.645776
0.0,0.644789
0.0,0.640456
0.0,0.635692
0.0,0.624958
0.0,0.616700
0.0,0.613521
0.0,0.610396
0.0,0.613923
0.0,0.623053
0.0,0.635849
0.0,0.649464
0.0,0.662975
0.0,0.673387
0.0,0.682982
0.0,0.691405
0.0,0.698776
0.0,0.709702
0.0,0.715590
0.0,0.718659
0.0,0.717907
0.0,0.718458
0.0,0.726065
0.0,0.728200
0.0,0.722003
0.0,0.716597
0.0,0.710919
0.0,0.705472
0.0,0.699895
0.0,0.686693
0.0,0.667978
0.0,0.652054
0.0,0.640179
0.0,0.629657
0.0,0.624344
0.0,0.624515
0.0,0.627100
0.0,0.626000
6.60,6.148141
6.60,6.140780
6.60,6.127743
6.60,6.114296
6.60,6.106437
6.60,6.104770
6.60,6.105726
6.60,6.106693
6.60,6.110063
6.60,6.114608
6.60,6.116071
6.60,6.117535
6.60,6.117996
6.60,6.112634
6.60,6.110296
6.60,6.111079
6.60,6.111406
6.60,6.112205
6.60,6.112790
6.60,6.111363
6.60,6.110285
6.60,6.114727
6.60,6.117653
6.60,6.123181
6.60,6.129187
6.60,6.141842
6.60,6.159328
6.60,6.172554
6.60,6.180206
6.60,6.181450
6.60,6.177615
6.60,6.165966
6.60,6.157845
6.60,6.154474
6.60,6.147887
6.60,6.144239
6.60,6.142037
6.60,6.135294
6.60,6.125756
6.60,6.117486
6.60,6.104388
6.60,6.091601
6.60,6.090895
6.60,6.094831
6.60,6.096573
6.60,6.095506
6.60,6.096182
6.60,6.099853
6.60,6.101912
6.60,6.104878
6.60,6.106623
6.60,6.109174
6.60,6.114061
6.60,6.121829
6.60,6.125579
6.60,6.128387
6.60,6.120828
6.60,6.106899
6.60,6.093996
6.60,6.086844
6.60,6.079317
6.60,6.077156
6.60,6.085551
6.60,6.091778
6.60,6.096460
6.60,6.101686
6.60,6.105249
6.60,6.109268
6.60,6.109979
6.60,6.108119
6.60,6.105546
6.60,6.105717
6.60,6.105778
6.60,6.104931
6.60,6.105492
6.60,6.110268
6.60,6.110241
6.60,6.100291
6.60,6.089530
6.60,6.086830
6.60,6.082569
6.60,6.081821
6.60,6.086746
6.60,6.092922
6.60,6.093321
6.60,6.092134
6.60,6.094347
6.60,6.100234
6.60,6.108455
6.60,6.115736
6.60,6.119633
6.60,6.120796
6.60,6.118765
6.60,6.119020
6.60,6.123984
6.60,6.129312
6.60,6.131176
6.60,6.127364
6.60,6.122878
6.60,6.117960
6.60,6.114294
6.60,6.112620
6.60,6.107290
6.60,6.102549
6.60,6.103567
6.60,6.108387
6.60,6.114984
6.60,6.116247
6.60,6.118245
6.60,6.124940
6.60,6.129959
6.60,6.139736
6.60,6.151778
6.60,6.155343
6.60,6.156558
6.60,6.155643
6.60,6.143754
6.60,6.128110
6.60,6.120434
6.60,6.113676
6.60,6.108952
6.60,6.105242
6.60,6.102322
6.60,6.104579
6.60,6.108926
6.60,6.114183
6.60,6.117703
6.60,6.118045
6.60,6.119055
6.60,6.117120
6.60,6.116458
6.60,6.118165
6.60,6.116501
6.60,6.115610
6.60,6.120157
6.60,6.124303
6.60,6.122314
6.60,6.122723
6.60,6.125628
6.60,6.125607
6.60,6.131201
6.60,6.134769
6.60,6.137440
6.60,6.139824
6.60,6.139529
6.60,6.139154
6.60,6.143742
6.60,6.152878
6.60,6.147268
6.60,6.130443
6.60,6.115112
6.60,6.100753
6.60,6.085981
6.60,6.076304
6.60,6.069202
6.60,6.061025
6.60,6.052177
6.60,6.049643
6.60,6.051076
6.60,6.053271
6.60,6.053420
6.60,6.049824
6.60,6.052004
6.60,6.057771
6.60,6.063601
6.60,6.068654
6.60,6.073823
6.60,6.085020
6.60,6.102631
6.60,6.116313
6.60,6.121864
6.60,6.120331
6.60,6.119740
6.60,6.123460
6.60,6.126906
6.60,6.125257
6.60,6.121798
6.60,6.121323
6.60,6.120151
6.60,6.114662
6.60,6.111274
6.60,6.106856
6.60,6.100556
6.60,6.091620
6.60,6.086196
6.60,6.084760
6.60,6.084754
6.60,6.088495
6.60,6.097873
6.60,6.105546
6.60,6.110253
6.60,6.111637
6.60,6.106748
6.60,6.096706
6.60,6.093007
6.60,6.091099
6.60,6.092766
6.60,6.099482
6.60,6.110428
6.60,6.122202
6.60,6.130981
6.60,6.139742
6.60,6.146883
6.60,6.146726
6.60,6.145813
6.60,6.142653
6.60,6.136333
6.60,6.123101
6.60,6.115570
6.60,6.112478
6.60,6.105888
6.60,6.097892
6.60,6.093555
6.60,6.089333
6.60,6.081144
6.60,6.070945
6.60,6.060059
6.60,6.051653
6.60,6.048654
6.60,6.052855
6.60,6.058013
6.60,6.058101
6.60,6.055303
6.60,6.044818
6.60,6.032032
6.60,6.018079
6.60,6.006001
6.60,5.996148
6.60,5.991699
6.60,5.987232
6.60,5.983601
6.60,5.981438
6.60,5.983385
6.60,5.989145
6.60,5.997063
6.60,6.006245
6.60,6.016943
6.60,6.019656
6.60,6.026884
6.60,6.035054
6.60,6.037725
6.60,6.041896
6.60,6.050172
6.60,6.062734
6.60,6.069908
6.60,6.069665
6.60,6.073717
6.60,6.080057
6.60,6.085608
6.60,6.093392
6.60,6.095526
6.60,6.095507
6.60,6.094563
6.60,6.090966
6.60,6.082396
6.60,6.075924
6.60,6.077246
6.60,6.086572
6.60,6.095137
6.60,6.099978
6.60,6.105740
6.60,6.104959
6.60,6.093425
6.60,6.073883
6.60,6.061283
6.60,6.050388
6.60,6.040197
6.60,6.032383
6.60,6.029161
6.60,6.030612
6.60,6.032289
6.60,6.040942
6.60,6.052801
6.60,6.060684
6.60,6.068123
6.60,6.076188
6.60,6.080799
6.60,6.082700
6.60,6.086097
6.60,6.088577
6.60,6.089638
6.60,6.098775
6.60,6.106820
6.60,6.111817
6.60,6.113053
6.60,6.113784
6.60,6.107019
6.60,6.097434
6.60,6.082479
6.60,6.058439
6.60,6.035751
6.60,6.020037
6.60,6.013090
6.60,6.005807
6.60,5.995337
6.60,5.989516
6.60,5.991411
6.60,5.993070
6.60,5.989326
6.60,5.986736
6.60,5.982391
6.60,5.980568
6.60,5.985622
6.60,5.992547
6.60,6.001307
6.60,6.016418
6.60,6.038152
6.60,6.036725
6.60,6.004739
6.60,5.978697
6.60,5.972183
6.60,5.968988
6.60,5.956585
6.60,5.937297
6.60,5.927338
6.60,5.929729
6.60,5.927033
6.60,5.924153
6.60,5.936186
6.60,5.954597
6.60,5.967216
6.60,5.983943
6.60,5.993842
6.60,6.004447
6.60,6.019231
6.60,6.032736
6.60,6.042797
6.60,6.053852
6.60,6.055120
6.60,6.051226
6.60,6.041470
6.60,6.024078
6.60,6.007384
6.60,5.994576
6.60,5.980170
6.60,5.965528
6.60,5.959486
6.60,5.961787
6.60,5.968500
6.60,5.976196
6.60,5.981740
6.60,5.985791
6.60,5.990522
6.60,5.999516
6.60,6.008209
6.60,6.008444
6.60,6.009798
6.60,6.009266
6.60,6.008975
6.60,6.008677
6.60,6.003445
6.60,5.995307
6.60,5.996103
6.60,6.002774
6.60,6.012888
6.60,6.021183
6.60,6.020904
6.60,6.014790
6.60,6.008509
6.60,6.004251
6.60,6.001641
6.60,6.002170
6.60,6.004704
6.60,6.004907
6.60,6.009679
6.60,6.008443
6.60,6.000640
6.60,5.988326
6.60,5.980838
6.60,5.974097
6.60,5.961725
6.60,5.949018
6.60,5.935924
6.60,5.921569
6.60,5.911782
6.60,5.905159
6.60,5.899955
6.60,5.900265
6.60,5.905045
7.80,7.016246
7.80,7.019104
7.80,7.023363
7.80,7.025692
7.80,7.027881
7.80,7.029180
7.80,7.028303
7.80,7.023910
7.80,7.017233
7.80,7.004656
7.80,6.988447
7.80,6.977374
7.80,6.974849
7.80,6.973291
7.80,6.976232
7.80,6.980484
7.80,6.986910
7.80,6.991318
7.80,6.991481
7.80,6.993887
7.80,6.988924
7.80,6.982232
7.80,6.976979
7.80,6.973402
7.80,6.978582
7.80,6.987932
7.80,6.996384
7.80,6.996024
7.80,6.992582
7.80,6.994026
7.80,6.992562
7.80,6.989940
7.80,6.986382
7.80,6.976011
7.80,6.963551
7.80,6.950116
7.80,6.939648
7.80,6.931567
7.80,6.921547
7.80,6.909314
7.80,6.900529
7.80,6.893004
7.80,6.894349
7.80,6.902913
7.80,6.914165
7.80,6.931047
7.80,6.941663
7.80,6.950151
7.80,6.957759
7.80,6.966517
7.80,6.974114
7.80,6.978901
7.80,6.982166
7.80,6.977359
7.80,6.969335
7.80,6.960120
7.80,6.947260
7.80,6.932815
7.80,6.918367
7.80,6.911107
7.80,6.904407
7.80,6.894085
7.80,6.887523
7.80,6.883997
7.80,6.880726
7.80,6.877380
7.80,6.874205
7.80,6.869136
7.80,6.868736
7.80,6.869399
7.80,6.874023
7.80,6.875910
7.80,6.869834
7.80,6.863444
7.80,6.862693
7.80,6.863484
7.80,6.871157
7.80,6.882722
7.80,6.891981
7.80,6.905472
7.80,6.920171
7.80,6.932763
7.80,6.938391
7.80,6.942407
7.80,6.942462
7.80,6.936345
7.80,6.927043
7.80,6.913055
7.80,6.899711
7.80,6.893199
7.80,6.893056
7.80,6.892503
7.80,6.882965
7.80,6.866838
7.80,6.857572
7.80,6.855807
7.80,6.855521
7.80,6.861304
7.80,6.893204
7.80,6.956578
7.80,6.995339
7.80,7.019381
7.80,7.025506
7.80,7.027542
7.80,7.024436
7.80,7.009409
7.80,6.997674
7.80,6.985168
7.80,6.977892
7.80,6.972738
7.80,6.961985
7.80,6.948093
7.80,6.933238
7.80,6.918266
7.80,6.911744
7.80,6.912551
7.80,6.912726
7.80,6.909424
7.80,6.901784
7.80,6.888826
7.80,6.878098
7.80,6.869966
7.80,6.867926
7.80,6.877246
7.80,6.890357
7.80,6.907212
7.80,6.921552
7.80,6.930938
7.80,6.934340
7.80,6.932497
7.80,6.933724
7.80,6.933591
7.80,6.941569
7.80,6.949269
7.80,6.953148
7.80,6.952692
7.80,6.955693
7.80,6.957140
7.80,6.952687
7.80,6.945206
7.80,6.942398
7.80,6.942748
7.80,6.940590
7.80,6.938888
7.80,6.938042
7.80,6.930162
7.80,6.925923
7.80,6.920703
7.80,6.916701
7.80,6.908295
7.80,6.895017
7.80,6.881462
7.80,6.877578
7.80,6.879230
7.80,6.877157
7.80,6.879264
7.80,6.888074
7.80,6.896379
7.80,6.904158
7.80,6.909700
7.80,6.910320
7.80,6.910932
7.80,6.910567
7.80,6.916800
7.80,6.924644
7.80,6.928513
7.80,6.931640
7.80,6.934563
7.80,6.940740
7.80,6.945877
7.80,6.949978
7.80,6.947402
7.80,6.941415
7.80,6.936470
7.80,6.935346
7.80,6.938991
7.80,6.942231
7.80,6.939468
7.80,6.938840
7.80,6.937527
7.80,6.927701
7.80,6.915887
7.80,6.900554
7.80,6.885057
7.80,6.875092
7.80,6.869533
7.80,6.863301
7.80,6.857667
7.80,6.851315
7.80,6.843091
7.80,6.841386
7.80,6.852006
7.80,6.863404
7.80,6.871085
7.80,6.881288
7.80,6.891079
7.80,6.896516
7.80,6.902751
7.80,6.907903
7.80,6.913052
7.80,6.922267
7.80,6.931284
7.80,6.943437
7.80,6.947857
7.80,6.947461
7.80,6.947139
7.80,6.941332
7.80,6.935699
7.80,6.938701
7.80,6.939894
7.80,6.941740
7.80,6.939444
7.80,6.935232
7.80,6.933012
7.80,6.935531
7.80,6.936596
7.80,6.933585
7.80,6.931642
7.80,6.924740
7.80,6.914413
7.80,6.899448
7.80,6.885783
7.80,6.876103
7.80,6.872791
7.80,6.875195
7.80,6.878169
7.80,6.884304
7.80,6.892860
7.80,6.897308
7.80,6.901597
7.80,6.907518
7.80,6.913718
7.80,6.917722
7.80,6.921220
7.80,6.922979
7.80,6.920884
7.80,6.924376
7.80,6.933878
7.80,6.938680
7.80,6.942739
7.80,6.948938
7.80,6.946401
7.80,6.939744
7.80,6.933182
7.80,6.922708
7.80,6.910223
7.80,6.901588
7.80,6.900064
7.80,6.901628
7.80,6.904325
7.80,6.908012
7.80,6.903100
7.80,6.893681
7.80,6.886888
7.80,6.891359
7.80,6.907436
7.80,6.928705
7.80,6.946340
7.80,6.956465
7.80,6.962532
7.80,6.971708
7.80,6.977931
7.80,6.981521
7.80,6.984763
7.80,6.992231
7.80,6.999679
7.80,7.005176
7.80,7.007651
7.80,7.007478
7.80,7.003956
7.80,6.998280
7.80,6.992216
7.80,6.984160
7.80,6.974993
7.80,6.965036
7.80,6.960391
7.80,6.960977
7.80,6.966415
7.80,6.973824
7.80,6.977969
7.80,6.981088
7.80,6.984474
7.80,6.986830
7.80,6.987409
7.80,6.989847
7.80,6.987738
7.80,6.984317
7.80,6.983213
7.80,6.979041
7.80,6.972736
7.80,6.961845
7.80,6.946403
7.80,6.936313
7.80,6.928586
7.80,6.919713
7.80,6.908862
7.80,6.901206
7.80,6.901435
7.80,6.906991
7.80,6.907449
7.80,6.908706
7.80,6.911767
7.80,6.914958
7.80,6.915875
7.80,6.913537
7.80,6.908720
7.80,6.903853
7.80,6.907428
7.80,6.908987
7.80,6.907419
7.80,6.900896
7.80,6.888740
7.80,6.883228
7.80,6.877318
7.80,6.872527
7.80,6.871363
7.80,6.880550
7.80,6.896698
7.80,6.905830
7.80,6.914598
7.80,6.919195
7.80,6.921897
7.80,6.928705
7.80,6.936689
7.80,6.940604
7.80,6.947096
7.80,6.948965
7.80,6.946339
7.80,6.937307
7.80,6.928553
7.80,6.918479
7.80,6.904683
7.80,6.889641
7.80,6.877731
7.80,6.864217
7.80,6.853238
7.80,6.846900
7.80,6.843620
7.80,6.845909
7.80,6.849997
7.80,6.856725
7.80,6.862990
7.80,6.868816
7.80,6.879500
7.80,6.890813
7.80,6.904414
7.80,6.914333
7.80,6.919275
7.80,6.927377
7.80,6.936733
7.80,6.938026
7.80,6.935598
7.80,6.935071
7.80,6.934471
7.80,6.936602
7.80,6.939443
7.80,6.941014
7.80,6.942550
7.80,6.940062
7.80,6.932482
7.80,6.920905
7.80,6.909321
7.80,6.900704
7.80,6.896107
7.80,6.899325
13.20,11.274271
13.20,11.268609
13.20,11.264591
13.20,11.265942
13.20,11.265944
13.20,11.269016
13.20,11.272579
13.20,11.278326
13.20,11.284847
13.20,11.291495
13.20,11.296620
13.20,11.301034
13.20,11.304246
13.20,11.308785
13.20,11.321698
13.20,11.333719
13.20,11.348737
13.20,11.359638
13.20,11.359619
13.20,11.349827
13.20,11.338852
13.20,11.325817
13.20,11.310786
13.20,11.298798
13.20,11.285765
13.20,11.271165
13.20,11.262479
13.20,11.262305
13.20,11.264451
13.20,11.263644
13.20,11.263725
13.20,11.262909
13.20,11.263381
13.20,11.268055
13.20,11.276515
13.20,11.284348
13.20,11.287939
13.20,11.288421
13.20,11.289506
13.20,11.290813
13.20,11.282398
13.20,11.266386
13.20,11.255017
13.20,11.252915
13.20,11.264482
13.20,11.280579
13.20,11.291739
13.20,11.298232
13.20,11.302143
13.20,11.311717
13.20,11.324881
13.20,11.332137
13.20,11.333998
13.20,11.332209
13.20,11.334724
13.20,11.341302
13.20,11.346699
13.20,11.351490
13.20,11.354051
13.20,11.356609
13.20,11.362676
13.20,11.366440
13.20,11.374466
13.20,11.383613
13.20,11.381089
13.20,11.373512
13.20,11.371310
13.20,11.369836
13.20,11.372899
13.20,11.378824
13.20,11.380101
13.20,11.385559
13.20,11.392037
13.20,11.399173
13.20,11.407035
13.20,11.414258
13.20,11.419895
13.20,11.422078
13.20,11.426602
13.20,11.428751
13.20,11.430567
13.20,11.427687
13.20,11.422354
13.20,11.417315
13.20,11.414573
13.20,11.408020
13.20,11.395245
13.20,11.385576
13.20,11.381168
13.20,11.375027
13.20,11.362109
13.20,11.347918
13.20,11.332038
13.20,11.324148
13.20,11.319131
13.20,11.307994
13.20,11.292843
13.20,11.286571
13.20,11.288285
13.20,11.292079
13.20,11.300985
13.20,11.314260
13.20,11.336402
13.20,11.359338
13.20,11.379893
13.20,11.386170
13.20,11.387362
13.20,11.383679
13.20,11.372307
13.20,11.362280
13.20,11.356498
13.20,11.349050
13.20,11.345563
13.20,11.351255
13.20,11.360340
13.20,11.365283
13.20,11.369731
13.20,11.370995
13.20,11.375297
13.20,11.374095
13.20,11.373212
13.20,11.377846
13.20,11.384317
13.20,11.394629
13.20,11.400446
13.20,11.395020
13.20,11.381383
13.20,11.369275
13.20,11.356645
13.20,11.346775
13.20,11.335189
13.20,11.325223
13.20,11.316360
13.20,11.304145
13.20,11.289419
13.20,11.268939
13.20,11.254488
13.20,11.247747
13.20,11.238402
13.20,11.234970
13.20,11.240558
13.20,11.240709
13.20,11.238142
13.20,11.234024
13.20,11.236150
13.20,11.241828
13.20,11.250113
13.20,11.259688
13.20,11.268292
13.20,11.270611
13.20,11.274084
13.20,11.273108
13.20,11.275195
13.20,11.275917
13.20,11.281027
13.20,11.289380
13.20,11.290943
13.20,11.292332
13.20,11.298232
13.20,11.303002
13.20,11.310971
13.20,11.318311
13.20,11.327400
13.20,11.325636
13.20,11.316600
13.20,11.311976
13.20,11.310432
13.20,11.311061
13.20,11.315894
13.20,11.321494
13.20,11.323831
13.20,11.333747
13.20,11.348512
13.20,11.356527
13.20,11.356403
13.20,11.353376
13.20,11.343450
13.20,11.336464
13.20,11.333639
13.20,11.327941
13.20,11.321557
13.20,11.315836
13.20,11.302049
13.20,11.284250
13.20,11.268532
13.20,11.257810
13.20,11.259749
13.20,11.268016
13.20,11.274654
13.20,11.273739
13.20,11.265053
13.20,11.255605
13.20,11.249684
13.20,11.244529
13.20,11.247486
13.20,11.246202
13.20,11.241145
13.20,11.239405
13.20,11.243256
13.20,11.258619
13.20,11.279756
13.20,11.298923
13.20,11.310860
13.20,11.318365
13.20,11.319024
13.20,11.320441
13.20,11.325814
13.20,11.325662
13.20,11.325663
13.20,11.327867
13.20,11.334740
13.20,11.345565
13.20,11.355180
13.20,11.361618
13.20,11.366663
13.20,11.369905
13.20,11.369266
13.20,11.369946
13.20,11.363574
13.20,11.353993
13.20,11.341310
13.20,11.324164
13.20,11.310025
13.20,11.299523
13.20,11.288213
13.20,11.282525
13.20,11.284104
13.20,11.292201
13.20,11.300722
13.20,11.305308
13.20,11.309061
13.20,11.308512
13.20,11.305739
13.20,11.309193
13.20,11.313741
13.20,11.314427
13.20,11.313309
13.20,11.313381
13.20,11.308918
13.20,11.300257
13.20,11.291836
13.20,11.274019
13.20,11.253671
13.20,11.247894
13.20,11.263484
13.20,11.290041
13.20,11.324430
13.20,11.353163
13.20,11.374444
13.20,11.386962
13.20,11.395386
13.20,11.401455
13.20,11.400460
13.20,11.393343
13.20,11.386549
13.20,11.378102
13.20,11.368605
13.20,11.358106
13.20,11.351224
13.20,11.344451
13.20,11.338114
13.20,11.327912
13.20,11.310829
13.20,11.290224
13.20,11.275339
13.20,11.256965
13.20,11.236528
13.20,11.221238
13.20,11.215779
13.20,11.228225
13.20,11.248035
13.20,11.269635
13.20,11.293795
13.20,11.316940
13.20,11.336336
13.20,11.351655
13.20,11.354962
13.20,11.354798
13.20,11.348558
13.20,11.341115
13.20,11.331936
13.20,11.319245
13.20,11.303790
13.20,11.286020
13.20,11.263475
13.20,11.241233
13.20,11.221367
13.20,11.210137
13.20,11.203407
13.20,11.204554
13.20,11.206365
13.20,11.213195
13.20,11.217493
13.20,11.224283
13.20,11.235404
13.20,11.250770
13.20,11.265004
13.20,11.277757
13.20,11.290342
13.20,11.295905
13.20,11.301495
13.20,11.310357
13.20,11.317342
13.20,11.318545
13.20,11.316854
13.20,11.319916
13.20,11.320871
13.20,11.320040
13.20,11.317680
13.20,11.317907
13.20,11.313254
13.20,11.303907
13.20,11.300670
13.20,11.298811
13.20,11.291445
13.20,11.282726
13.20,11.282557
13.20,11.288673
13.20,11.293767
13.20,11.301261
13.20,11.313207
13.20,11.324531
13.20,11.333333
13.20,11.338991
13.20,11.344175
13.20,11.349490
13.20,11.349278
13.20,11.349827
13.20,11.352607
13.20,11.352581
13.20,11.350948
13.20,11.351749
13.20,11.350794
13.20,11.350123
13.20,11.353729
13.20,11.362444
13.20,11.373207
13.20,11.386126
13.20,11.396427
13.20,11.400485
13.20,11.405941
13.20,11.407430
13.20,11.401706
13.20,11.394122
13.20,11.379996
13.20,11.362639
13.20,11.348140
13.20,11.345929
13.20,11.348904
13.20,11.350815
13.20,11.348465
13.20,11.339519
13.20,11.328240
13.20,11.313768
13.20,11.302287
13.20,11.292462
13.20,11.286544
13.20,11.279626
13.20,11.276281
13.20,11.278313
13.20,11.285058
13.20,11.289649
13.20,11.297219
13.20,11.311316
13.20,11.321295
13.20,11.329049
13.20,11.338065
13.20,11.343901
13.20,11.345128
13.20,11.342178
13.20,11.337647
13.20,11.336424
13.20,11.338213
13.20,11.333733
13.20,11.324787
13.20,11.324093
18.13,15.492018
18.13,15.488284
18.13,15.490948
18.13,15.491327
18.13,15.495067
18.13,15.498763
18.13,15.501986
18.13,15.507111
18.13,15.514910
18.13,15.528699
18.13,15.538240
18.13,15.544652
18.13,15.548311
18.13,15.552034
18.13,15.548647
18.13,15.550289
18.13,15.553614
18.13,15.552454
18.13,15.553140
18.13,15.551163
18.13,15.551156
18.13,15.555208
18.13,15.561702
18.13,15.565325
18.13,15.563896
18.13,15.563421
18.13,15.561882
18.13,15.559620
18.13,15.548554
18.13,15.529122
18.13,15.509658
18.13,15.498215
18.13,15.499902
18.13,15.506437
18.13,15.504886
18.13,15.507586
18.13,15.512465
18.13,15.518096
18.13,15.518475
18.13,15.515749
18.13,15.513866
18.13,15.510766
18.13,15.511588
18.13,15.509532
18.13,15.504446
18.13,15.502849
18.13,15.500814
18.13,15.498200
18.13,15.501162
18.13,15.500318
18.13,15.496526
18.13,15.490700
18.13,15.490024
18.13,15.501162
18.13,15.508841
18.13,15.513101
18.13,15.513213
18.13,15.516434
18.13,15.522510
18.13,15.525035
18.13,15.527287
18.13,15.527207
18.13,15.525777
18.13,15.529122
18.13,15.537775
18.13,15.540639
18.13,15.539152
18.13,15.543338
18.13,15.555123
18.13,15.567656
18.13,15.576382
18.13,15.580741
18.13,15.584980
18.13,15.587247
18.13,15.588302
18.13,15.589088
18.13,15.587621
18.13,15.582365
18.13,15.579160
18.13,15.576945
18.13,15.580574
18.13,15.584779
18.13,15.583134
18.13,15.583141
18.13,15.588101
18.13,15.596910
18.13,15.600326
18.13,15.602372
18.13,15.601660
18.13,15.600602
18.13,15.596578
18.13,15.590368
18.13,15.576838
18.13,15.559082
18.13,15.536878
18.13,15.512146
18.13,15.485959
18.13,15.462925
18.13,15.447022
18.13,15.441558
18.13,15.440276
18.13,15.442760
18.13,15.450577
18.13,15.461185
18.13,15.470815
18.13,15.466924
18.13,15.459872
18.13,15.457983
18.13,15.466444
18.13,15.475399
18.13,15.480287
18.13,15.488041
18.13,15.492967
18.13,15.494269
18.13,15.501796
18.13,15.513154
18.13,15.526149
18.13,15.530224
18.13,15.527836
18.13,15.525553
18.13,15.519888
18.13,15.514016
18.13,15.507153
18.13,15.502961
18.13,15.508762
18.13,15.515839
18.13,15.523011
18.13,15.526112
18.13,15.524957
18.13,15.518164
18.13,15.511525
18.13,15.508261
18.13,15.509005
18.13,15.512310
18.13,15.512364
18.13,15.511094
18.13,15.517844
18.13,15.527625
18.13,15.532803
18.13,15.529059
18.13,15.521687
18.13,15.512805
18.13,15.506937
18.13,15.503202
18.13,15.504891
18.13,15.508502
18.13,15.508124
18.13,15.504944
18.13,15.496597
18.13,15.490203
18.13,15.484486
18.13,15.479704
18.13,15.477494
18.13,15.471237
18.13,15.466561
18.13,15.467202
18.13,15.470021
18.13,15.478163
18.13,15.492012
18.13,15.500751
18.13,15.502940
18.13,15.504379
18.13,15.509932
18.13,15.512074
18.13,15.505778
18.13,15.502440
18.13,15.507237
18.13,15.517257
18.13,15.528521
18.13,15.539984
18.13,15.546818
18.13,15.547134
18.13,15.545627
18.13,15.550104
18.13,15.557662
18.13,15.560274
18.13,15.554427
18.13,15.547983
18.13,15.545473
18.13,15.547905
18.13,15.549143
18.13,15.550008
18.13,15.557274
18.13,15.561408
18.13,15.561597
18.13,15.558137
18.13,15.553514
18.13,15.553942
18.13,15.549498
18.13,15.534917
18.13,15.519842
18.13,15.508666
18.13,15.502460
18.13,15.496927
18.13,15.498183
18.13,15.505218
18.13,15.515154
18.13,15.524745
18.13,15.531879
18.13,15.538007
18.13,15.544894
18.13,15.553456
18.13,15.555612
18.13,15.548311
18.13,15.538998
18.13,15.527176
18.13,15.518449
18.13,15.513856
18.13,15.514530
18.13,15.512248
18.13,15.507169
18.13,15.504891
18.13,15.502722
18.13,15.499939
18.13,15.495619
18.13,15.487620
18.13,15.480785
18.13,15.473183
18.13,15.463364
18.13,15.455780
18.13,15.452266
18.13,15.446084
18.13,15.439270
18.13,15.432727
18.13,15.431399
18.13,15.437933
18.13,15.451047
18.13,15.466280
18.13,15.483009
18.13,15.498477
18.13,15.512776
18.13,15.526928
18.13,15.531727
18.13,15.527777
18.13,15.522114
18.13,15.517674
18.13,15.514326
18.13,15.515437
18.13,15.517684
18.13,15.515812
18.13,15.513444
18.13,15.513798
18.13,15.520522
18.13,15.534031
18.13,15.550884
18.13,15.564127
18.13,15.571268
18.13,15.575707
18.13,15.574646
18.13,15.566744
18.13,15.557238
18.13,15.549587
18.13,15.544362
18.13,15.543485
18.13,15.544535
18.13,15.540466
18.13,15.532660
18.13,15.521882
18.13,15.504511
18.13,15.487762
18.13,15.477461
18.13,15.477040
18.13,15.477398
18.13,15.473278
18.13,15.460400
18.13,15.448479
18.13,15.442229
18.13,15.440536
18.13,15.444205
18.13,15.452157
18.13,15.458992
18.13,15.467129
18.13,15.479275
18.13,15.494339
18.13,15.507316
18.13,15.519341
18.13,15.529781
18.13,15.538197
18.13,15.545595
18.13,15.552849
18.13,15.557564
18.13,15.562042
18.13,15.569537
18.13,15.576333
18.13,15.579149
18.13,15.576856
18.13,15.569037
22.70,19.327291
22.70,19.336780
22.70,19.340808
22.70,19.344633
22.70,19.341754
22.70,19.333280
22.70,19.324808
22.70,19.323030
22.70,19.324306
22.70,19.320013
22.70,19.314990
22.70,19.309356
22.70,19.295141
22.70,19.281200
22.70,19.270782
22.70,19.263923
22.70,19.263772
22.70,19.267930
22.70,19.275428
22.70,19.283292
22.70,19.284536
22.70,19.283349
22.70,19.285665
22.70,19.290754
22.70,19.295755
22.70,19.294099
22.70,19.285404
22.70,19.273992
22.70,19.255399
22.70,19.232021
22.70,19.216161
22.70,19.205282
22.70,19.198513
22.70,19.197845
22.70,19.207103
22.70,19.211408
22.70,19.216011
22.70,19.219659
22.70,19.226434
22.70,19.234956
22.70,19.246042
22.70,19.259307
22.70,19.270734
22.70,19.278295
22.70,19.283098
22.70,19.288240
22.70,19.290296
22.70,19.291200
22.70,19.285675
22.70,19.279201
22.70,19.272624
22.70,19.258344
22.70,19.248035
22.70,19.244626
22.70,19.250541
22.70,19.260313
22.70,19.270225
22.70,19.281595
22.70,19.294345
22.70,19.295650
22.70,19.289697
22.70,19.287334
22.70,19.286605
22.70,19.283489
22.70,19.277776
22.70,19.269710
22.70,19.262975
22.70,19.254487
22.70,19.250637
22.70,19.254827
22.70,19.259483
22.70,19.263053
22.70,19.266456
22.70,19.267686
22.70,19.266914
22.70,19.261264
22.70,19.254280
22.70,19.255336
22.70,19.259286
22.70,19.267900
22.70,19.277412
22.70,19.293521
22.70,19.315694
22.70,19.332843
22.70,19.343124
22.70,19.344522
22.70,19.347332
22.70,19.353528
22.70,19.358865
22.70,19.364870
22.70,19.369733
22.70,19.371482
22.70,19.372188
22.70,19.371755
22.70,19.376007
22.70,19.379295
22.70,19.377880
22.70,19.370113
22.70,19.358591
22.70,19.343372
22.70,19.326520
22.70,19.313041
22.70,19.307233
22.70,19.301103
22.70,19.290037
22.70,19.283058
22.70,19.272624
22.70,19.267633
22.70,19.267383
22.70,19.267478
22.70,19.269500
22.70,19.273708
22.70,19.278322
22.70,19.277729
22.70,19.272920
22.70,19.265625
22.70,19.250547
22.70,19.239271
22.70,19.232603
22.70,19.227540
22.70,19.222679
22.70,19.217655
22.70,19.216276
22.70,19.217222
22.70,19.216140
22.70,19.209630
22.70,19.199874
22.70,19.193191
22.70,19.194515
22.70,19.200166
22.70,19.209167
22.70,19.217702
22.70,19.223251
22.70,19.232303
22.70,19.251718
22.70,19.266378
22.70,19.273925
22.70,19.278890
22.70,19.278333
22.70,19.273477
22.70,19.270439
22.70,19.270505
22.70,19.274477
22.70,19.277051
22.70,19.278139
22.70,19.277433
22.70,19.277120
22.70,19.278625
22.70,19.276418
22.70,19.273544
22.70,19.270429
22.70,19.266326
22.70,19.261575
22.70,19.257303
22.70,19.248216
22.70,19.237459
22.70,19.233160
22.70,19.238676
22.70,19.245738
22.70,19.251266
22.70,19.258094
22.70,19.255598
22.70,19.258855
22.70,19.265899
22.70,19.265338
22.70,19.261289
22.70,19.262460
22.70,19.266847
22.70,19.270719
22.70,19.278625
22.70,19.285915
22.70,19.288438
22.70,19.292795
22.70,19.300895
22.70,19.308628
22.70,19.312810
22.70,19.314184
22.70,19.315298
22.70,19.316286
22.70,19.318773
22.70,19.318384
22.70,19.314924
22.70,19.308113
22.70,19.297508
22.70,19.288984
22.70,19.283296
22.70,19.280591
22.70,19.274860
22.70,19.270401
22.70,19.272872
22.70,19.282480
22.70,19.288234
22.70,19.294656
22.70,19.303138
22.70,19.308149
22.70,19.304018
22.70,19.295957
22.70,19.286743
22.70,19.278352
22.70,19.266357
22.70,19.256700
22.70,19.251247
22.70,19.239744
22.70,19.234207
22.70,19.234727
22.70,19.228881
22.70,19.224994
22.70,19.223031
22.70,19.219491
22.70,19.212034
22.70,19.208240
22.70,19.208478
22.70,19.203821
22.70,19.194059
22.70,19.195449
22.70,19.204414
22.70,19.209972
22.70,19.219358
22.70,19.228731
22.70,19.236892
22.70,19.245416
22.70,19.255304
22.70,19.265785
22.70,19.271194
22.70,19.273748
22.70,19.271974
22.70,19.269330
22.70,19.263927
22.70,19.250579
22.70,19.239566
22.70,19.236948
22.70,19.230028
22.70,19.213470
22.70,19.190193
22.70,19.171979
22.70,19.154518
22.70,19.135587
22.70,19.121850
22.70,19.115762
22.70,19.118438
22.70,19.124916
22.70,19.128108
22.70,19.129920
22.70,19.135204
22.70,19.146970
22.70,19.157606
22.70,19.165035
22.70,19.176393
22.70,19.189100
22.70,19.211977
22.70,19.239473
22.70,19.263828
22.70,19.284135
22.70,19.299844
22.70,19.314388
22.70,19.331302
22.70,19.349548
22.70,19.361440
22.70,19.364505
22.70,19.365093
22.70,19.362304
22.70,19.359382
22.70,19.351997
22.70,19.342805
22.70,19.333482
22.70,19.333435
22.70,19.333148
22.70,19.328514
22.70,19.321308
22.70,19.311849
22.70,19.302061
22.70,19.297445
22.70,19.295234
22.70,19.295280
22.70,19.292043
22.70,19.281450
22.70,19.266799
22.70,19.247192
22.70,19.232172
37.80,31.289133
37.80,31.294412
37.80,31.297285
37.80,31.301904
37.80,31.311433
37.80,31.316196
37.80,31.315999
37.80,31.317926
37.80,31.323751
37.80,31.331029
37.80,31.337562
37.80,31.343605
37.80,31.346475
37.80,31.345357
37.80,31.338563
37.80,31.330244
37.80,31.322935
37.80,31.324052
37.80,31.334167
37.80,31.342958
37.80,31.349918
37.80,31.348936
37.80,31.340858
37.80,31.335643
37.80,31.328701
37.80,31.324716
37.80,31.324926
37.80,31.319431
37.80,31.311847
37.80,31.307367
37.80,31.305719
37.80,31.308620
37.80,31.320489
37.80,31.332769
37.80,31.346229
37.80,31.357149
37.80,31.359085
37.80,31.360311
37.80,31.359949
37.80,31.355232
37.80,31.350046
37.80,31.351222
37.80,31.359071
37.80,31.372116
37.80,31.379432
37.80,31.383485
37.80,31.379524
37.80,31.371885
37.80,31.360900
37.80,31.346643
37.80,31.331405
37.80,31.318681
37.80,31.308109
37.80,31.304239
37.80,31.303867
37.80,31.309722
37.80,31.317831
37.80,31.329179
37.80,31.344642
37.80,31.364271
37.80,31.387859
37.80,31.409461
37.80,31.422367
37.80,31.430318
37.80,31.441120
37.80,31.451059
37.80,31.452384
37.80,31.445024
37.80,31.437393
37.80,31.426998
37.80,31.411941
37.80,31.409235
37.80,31.412429
37.80,31.416589
37.80,31.426239
37.80,31.433435
37.80,31.433790
37.80,31.434295
37.80,31.436935
37.80,31.433143
37.80,31.423406
37.80,31.413631
37.80,31.406755
37.80,31.413784
37.80,31.423830
37.80,31.426866
37.80,31.420928
37.80,31.411151
37.80,31.403865
37.80,31.406110
37.80,31.412025
37.80,31.414915
37.80,31.407119
37.80,31.396642
37.80,31.382825
37.80,31.367809
37.80,31.347620
37.80,31.328712
37.80,31.310169
37.80,31.299760
37.80,31.309688
37.80,31.317653
37.80,31.316402
37.80,31.315647
37.80,31.317504
37.80,31.318246
37.80,31.320894
37.80,31.324592
37.80,31.329919
37.80,31.333206
37.80,31.339111
37.80,31.346727
37.80,31.356903
37.80,31.365179
37.80,31.367042
37.80,31.359436
37.80,31.344957
37.80,31.334646
37.80,31.326869
37.80,31.324647
37.80,31.328014
37.80,31.332433
37.80,31.330753
37.80,31.325374
37.80,31.318693
37.80,31.317300
37.80,31.321664
37.80,31.329822
37.80,31.337760
37.80,31.344675
37.80,31.346483
37.80,31.340900
37.80,31.334966
37.80,31.336359
37.80,31.341470
37.80,31.352357
37.80,31.367219
37.80,31.372768
37.80,31.370836
37.80,31.358726
37.80,31.346517
37.80,31.346101
37.80,31.347532
37.80,31.335182
37.80,31.316755
37.80,31.293951
37.80,31.269554
37.80,31.254852
37.80,31.247850
37.80,31.250490
37.80,31.260931
37.80,31.280687
37.80,31.304906
37.80,31.327587
37.80,31.337419
37.80,31.346796
37.80,31.365592
37.80,31.386016
37.80,31.402681
37.80,31.410699
37.80,31.413589
37.80,31.409236
37.80,31.398399
37.80,31.382078
37.80,31.367683
37.80,31.355604
37.80,31.352848
37.80,31.351842
37.80,31.348344
37.80,31.348804
37.80,31.345815
37.80,31.341470
37.80,31.333923
37.80,31.325918
37.80,31.320411
37.80,31.322731
37.80,31.331089
37.80,31.337715
37.80,31.339756
37.80,31.341070
37.80,31.343973
37.80,31.346866
37.80,31.347061
37.80,31.345491
37.80,31.343774
37.80,31.343448
37.80,31.342473
37.80,31.339403
37.80,31.336870
37.80,31.341203
37.80,31.347286
37.80,31.355920
37.80,31.361337
37.80,31.361724
37.80,31.361072
37.80,31.360324
37.80,31.364397
37.80,31.373382
37.80,31.384967
37.80,31.400072
37.80,31.420511
37.80,31.434068
37.80,31.441383
37.80,31.439355
37.80,31.434482
37.80,31.420759
37.80,31.408681
37.80,31.397953
37.80,31.388196
37.80,31.387748
37.80,31.392087
37.80,31.395690
37.80,31.396808
37.80,31.396354
37.80,31.392850
37.80,31.394079
37.80,31.394018
37.80,31.390230
37.80,31.388570
37.80,31.382293
37.80,31.371593
37.80,31.365991
37.80,31.362901
37.80,31.361774
37.80,31.361757
37.80,31.364490
37.80,31.363124
37.80,31.365432
37.80,31.373147
37.80,31.381025
37.80,31.380083
37.80,31.368204
37.80,31.348678
37.80,31.333856
37.80,31.323322
37.80,31.322690
37.80,31.325664
37.80,31.330400
37.80,31.332382
37.80,31.333440
37.80,31.337177
37.80,31.345491
37.80,31.350656
37.80,31.356996
37.80,31.367155
37.80,31.373060
37.80,31.371391
37.80,31.362865
37.80,31.351980
37.80,31.346296
37.80,31.341550
37.80,31.340717
37.80,31.347148
37.80,31.354255
37.80,31.359477
37.80,31.364547
37.80,31.370885
37.80,31.377574
37.80,31.383113
37.80,31.391201
37.80,31.396602
37.80,31.396211
37.80,31.396211
37.80,31.395803
37.80,31.387628
37.80,31.373353
37.80,31.359191
37.80,31.349819
37.80,31.350877
37.80,31.355585
37.80,31.359783
37.80,31.362655
37.80,31.366935
37.80,31.371841
37.80,31.369983
37.80,31.364908
37.80,31.357810
37.80,31.348442
37.80,31.339513
37.80,31.333225
37.80,31.330478
37.80,31.332210
37.80,31.333812
37.80,31.339244
37.80,31.346315
37.80,31.345340
37.80,31.343276
37.80,31.345340
37.80,31.348945
37.80,31.355358
37.80,31.358554
37.80,31.360624
37.80,31.363271
37.80,31.362739
37.80,31.365196
37.80,31.364974
37.80,31.361864
37.80,31.355567
37.80,31.342613
37.80,31.338014
37.80,31.343864
37.80,31.353498
37.80,31.361417
37.80,31.358278
37.80,31.353670
37.80,31.352441
37.80,31.354545
37.80,31.355895
37.80,31.353113
37.80,31.352846
37.80,31.355939
37.80,31.362495
37.80,31.369630
37.80,31.370801
37.80,31.373769
37.80,31.375848
37.80,31.369745
37.80,31.360485
37.80,31.348016
37.80,31.337564
37.80,31.327898
37.80,31.319482
37.80,31.307701
37.80,31.299716
37.80,31.294410
37.80,31.288009
37.80,31.287452
37.80,31.291587
37.80,31.298027
37.80,31.301475
37.80,31.304452
37.80,31.311475
37.80,31.324113
37.80,31.336427
37.80,31.351097
37.80,31.364152
37.80,31.376737
37.80,31.393180
37.80,31.417079
37.80,31.445676
37.80,31.464603
37.80,31.474418
37.80,31.488044
37.80,31.503381
37.80,31.514490
37.80,31.518350
37.80,31.516714
37.80,31.510475
37.80,31.497451
37.80,31.483818
37.80,31.468738
37.80,31.451484
37.80,31.433965
37.80,31.420181
37.80,31.406671
37.80,31.390068
37.80,31.371850
37.80,31.356920
37.80,31.347766
37.80,31.348642
37.80,31.355068
37.80,31.359123
37.80,31.357948
37.80,31.355613
37.80,31.355468
37.80,31.356014
37.80,31.352624
37.80,31.347871
37.80,31.342227
37.80,31.340387
37.80,31.339767
37.80,31.334133
37.80,31.326725
37.80,31.317014
37.80,31.302728
37.80,31.291023
37.80,31.290447
37.80,31.286962
37.80,31.282987
37.80,31.277971
37.80,31.268438
37.80,31.267595
37.80,31.280065
37.80,31.296142
37.80,31.311477
37.80,31.330190
37.80,31.343225
37.80,31.348257
37.80,31.344741
37.80,31.340238
37.80,31.332796
37.80,31.326263
37.80,31.323095
37.80,31.317975
37.80,31.312116
37.80,31.316406
37.80,31.325803
37.80,31.328636
37.80,31.332252
37.80,31.337932
37.80,31.341381
37.80,31.344423
37.80,31.351650
37.80,31.357143
37.80,31.357269
37.80,31.355823
37.80,31.358783
37.80,31.362472
37.80,31.361871
37.80,31.358997
37.80,31.355770
37.80,31.351980
37.80,31.345874
37.80,31.336442
37.80,31.325395
37.80,31.316556
37.80,31.316116
37.80,31.318159
37.80,31.314748
37.80,31.314907
50.50,41.365379
50.50,41.374343
50.50,41.384204
50.50,41.400081
50.50,41.411334
50.50,41.410285
50.50,41.399906
50.50,41.394412
50.50,41.392333
50.50,41.387351
50.50,41.378723
50.50,41.363975
50.50,41.352714
50.50,41.347934
50.50,41.347801
50.50,41.343318
50.50,41.337566
50.50,41.333702
50.50,41.329643
50.50,41.324146
50.50,41.319198
50.50,41.319812
50.50,41.324142
50.50,41.332538
50.50,41.339111
50.50,41.347454
50.50,41.350261
50.50,41.351295
50.50,41.352077
50.50,41.355556
50.50,41.361915
50.50,41.359096
50.50,41.353229
50.50,41.340480
50.50,41.320045
50.50,41.300003
50.50,41.283046
50.50,41.263072
50.50,41.250240
50.50,41.252952
50.50,41.259090
50.50,41.259826
50.50,41.262817
50.50,41.265506
50.50,41.269702
50.50,41.276218
50.50,41.287902
50.50,41.297885
50.50,41.305343
50.50,41.309413
50.50,41.314018
50.50,41.315933
50.50,41.314479
50.50,41.309459
50.50,41.302997
50.50,41.304782
50.50,41.315917
50.50,41.334968
50.50,41.352264
50.50,41.372001
50.50,41.388511
50.50,41.398239
50.50,41.397403
50.50,41.387660
50.50,41.379467
50.50,41.367984
50.50,41.354022
50.50,41.340606
50.50,41.332351
50.50,41.321319
50.50,41.306381
50.50,41.298542
50.50,41.296844
50.50,41.297393
50.50,41.298305
50.50,41.302677
50.50,41.299911
50.50,41.297344
50.50,41.293888
50.50,41.292434
50.50,41.296577
50.50,41.300914
50.50,41.304557
50.50,41.305145
50.50,41.305374
50.50,41.312480
50.50,41.317672
50.50,41.321109
50.50,41.326274
50.50,41.328891
50.50,41.328994
50.50,41.329128
50.50,41.334613
50.50,41.342620
50.50,41.341426
50.50,41.339038
50.50,41.339111
50.50,41.337837
50.50,41.340625
50.50,41.338699
50.50,41.331146
50.50,41.319023
50.50,41.306808
50.50,41.290889
50.50,41.273052
50.50,41.266494
50.50,41.269695
50.50,41.278427
50.50,41.285305
50.50,41.291191
50.50,41.292613
50.50,41.289459
50.50,41.284614
50.50,41.279918
50.50,41.276824
50.50,41.271869
50.50,41.264656
50.50,41.253219
50.50,41.241165
50.50,41.234455
50.50,41.231876
50.50,41.231166
50.50,41.227001
50.50,41.223838
50.50,41.227420
50.50,41.237350
50.50,41.251506
50.50,41.254234
50.50,41.249305
50.50,41.249008
50.50,41.249065
50.50,41.251461
50.50,41.262145
50.50,41.270824
50.50,41.274013
50.50,41.277591
50.50,41.286304
50.50,41.294193
50.50,41.302482
50.50,41.303714
50.50,41.303371
50.50,41.303615
50.50,41.295631
50.50,41.288398
50.50,41.287715
50.50,41.292007
50.50,41.302028
50.50,41.317707
50.50,41.332477
50.50,41.348228
50.50,41.364406
50.50,41.380367
50.50,41.379245
50.50,41.373458
50.50,41.372589
50.50,41.371868
50.50,41.365135
50.50,41.362575
50.50,41.363327
50.50,41.359535
50.50,41.356349
50.50,41.353260
50.50,41.345085
50.50,41.333534
50.50,41.319030
50.50,41.306583
50.50,41.306434
50.50,41.312858
50.50,41.314140
50.50,41.301551
50.50,41.283878
50.50,41.270534
50.50,41.270118
50.50,41.272789
50.50,41.271568
50.50,41.265640
50.50,41.250896
50.50,41.238300
50.50,41.229732
50.50,41.233707
50.50,41.235599
50.50,41.234359
50.50,41.235530
50.50,41.238986
50.50,41.243331
50.50,41.250286
50.50,41.263561
50.50,41.274959
50.50,41.286674
50.50,41.303970
50.50,41.330841
50.50,41.348621
50.50,41.356853
50.50,41.359233
50.50,41.363906
50.50,41.378944
50.50,41.395549
50.50,41.409011
50.50,41.410858
50.50,41.413856
50.50,41.420204
50.50,41.425537
50.50,41.423244
50.50,41.412010
50.50,41.399463
50.50,41.384002
50.50,41.361816
50.50,41.335777
50.50,41.303573
50.50,41.277355
50.50,41.262039
50.50,41.259296
50.50,41.260456
50.50,41.258640
50.50,41.256168
50.50,41.258113
50.50,41.256244
50.50,41.252601
50.50,41.252243
50.50,41.261310
50.50,41.265899
50.50,41.264705
50.50,41.258926
50.50,41.249984
50.50,41.245357
50.50,41.242603
50.50,41.233932
50.50,41.224136
50.50,41.217964
50.50,41.212448
50.50,41.214271
50.50,41.220600
50.50,41.220153
50.50,41.221008
50.50,41.230930
50.50,41.244895
50.50,41.255565
50.50,41.260200
50.50,41.262741
50.50,41.258487
50.50,41.254928
50.50,41.257732
50.50,41.264236
50.50,41.269569
50.50,41.269454
50.50,41.258640
50.50,41.248825
50.50,41.241558
50.50,41.242370
50.50,41.240348
50.50,41.225715
50.50,41.212463
50.50,41.205615
50.50,41.207103
50.50,41.217136
50.50,41.226463
50.50,41.232650
50.50,41.237701
50.50,41.248218
50.50,41.262256
50.50,41.272933
50.50,41.282543
50.50,41.279983
50.50,41.276092
50.50,41.276641
50.50,41.279064
50.50,41.279747
50.50,41.279758
50.50,41.279418
50.50,41.279781
50.50,41.279029
50.50,41.279869
50.50,41.282119
50.50,41.287132
50.50,41.294269
50.50,41.306907
50.50,41.315254
50.50,41.323154
50.50,41.325992
50.50,41.319435
50.50,41.312355
50.50,41.304054
50.50,41.292942
50.50,41.284290
50.50,41.276596
50.50,41.268699
50.50,41.271053
50.50,41.277320
50.50,41.280582
50.50,41.292011
50.50,41.308288
50.50,41.317359
50.50,41.314971
50.50,41.314834
50.50,41.318969
50.50,41.320858
50.50,41.315185
50.50,41.300662
50.50,41.288257
50.50,41.280696
50.50,41.278217
50.50,41.285327
50.50,41.290763
64.00,53.687625
64.00,53.688087
64.00,53.693702
64.00,53.706909
64.00,53.721183
64.00,53.724620
64.00,53.719818
64.00,53.712738
64.00,53.707420
64.00,53.714805
64.00,53.727500
64.00,53.738162
64.00,53.739738
64.00,53.732421
64.00,53.727729
64.00,53.731582
64.00,53.735588
64.00,53.744930
64.00,53.760635
64.00,53.786457
64.00,53.810981
64.00,53.831851
64.00,53.849731
64.00,53.861064
64.00,53.867099
64.00,53.858959
64.00,53.844085
64.00,53.833061
64.00,53.821865
64.00,53.801864
64.00,53.778179
64.00,53.759021
64.00,53.745609
64.00,53.743907
64.00,53.750194
64.00,53.751720
64.00,53.744499
64.00,53.730567
64.00,53.721099
64.00,53.717536
64.00,53.715599
64.00,53.713115
64.00,53.710750
64.00,53.703582
64.00,53.693935
64.00,53.681354
64.00,53.668216
64.00,53.654525
64.00,53.647060
64.00,53.648628
64.00,53.647590
64.00,53.644500
64.00,53.645862
64.00,53.657012
64.00,53.677635
64.00,53.698665
64.00,53.717414
64.00,53.732917
64.00,53.741729
64.00,53.744915
64.00,53.753124
64.00,53.767696
64.00,53.774829
64.00,53.773059
64.00,53.766639
64.00,53.754127
64.00,53.746303
64.00,53.741722
64.00,53.736312
64.00,53.732612
64.00,53.731777
64.00,53.736270
64.00,53.747764
64.00,53.768325
64.00,53.793483
64.00,53.814094
64.00,53.830066
64.00,53.845565
64.00,53.851936
64.00,53.842472
64.00,53.829795
64.00,53.829433
64.00,53.831005
64.00,53.834148
64.00,53.835571
64.00,53.818340
64.00,53.786106
64.00,53.760917
64.00,53.741180
64.00,53.732616
64.00,53.730583
64.00,53.722621
64.00,53.715206
64.00,53.714443
64.00,53.718807
64.00,53.717361
64.00,53.703407
64.00,53.676750
64.00,53.648983
64.00,53.628051
64.00,53.604309
64.00,53.580368
64.00,53.569892
64.00,53.569492
64.00,53.568687
64.00,53.565391
64.00,53.565818
64.00,53.567672
64.00,53.575214
64.00,53.591125
64.00,53.608848
64.00,53.620677
64.00,53.619686
64.00,53.617023
64.00,53.622375
64.00,53.621242
64.00,53.624233
64.00,53.630317
64.00,53.628395
64.00,53.623413
64.00,53.630088
64.00,53.640750
64.00,53.644199
64.00,53.640552
64.00,53.627986
64.00,53.618190
64.00,53.618526
64.00,53.619094
64.00,53.616008
64.00,53.609256
64.00,53.605476
64.00,53.598739
64.00,53.589733
64.00,53.583084
64.00,53.581905
64.00,53.584465
64.00,53.581748
64.00,53.586723
64.00,53.603668
64.00,53.628730
64.00,53.661117
64.00,53.686683
64.00,53.702175
64.00,53.709011
64.00,53.713558
64.00,53.723793
64.00,53.742530
64.00,53.760108
64.00,53.767520
64.00,53.771759
64.00,53.778720
64.00,53.788040
64.00,53.794311
64.00,53.790298
64.00,53.780418
64.00,53.771636
64.00,53.767292
64.00,53.758213
64.00,53.756484
64.00,53.752346
64.00,53.750873
64.00,53.749649
64.00,53.746776
64.00,53.742607
64.00,53.732902
64.00,53.717609
64.00,53.703353
64.00,53.695610
64.00,53.691566
64.00,53.689685
64.00,53.690433
64.00,53.688213
64.00,53.689727
64.00,53.696170
64.00,53.690223
64.00,53.680454
64.00,53.667766
64.00,53.655994
64.00,53.645408
64.00,53.640213
64.00,53.641418
64.00,53.644729
64.00,53.655471
64.00,53.668056
64.00,53.675018
64.00,53.680122
64.00,53.683994
64.00,53.682186
64.00,53.674064
64.00,53.667602
64.00,53.663715
64.00,53.658744
64.00,53.661682
64.00,53.667201
64.00,53.667121
64.00,53.661655
64.00,53.650985
64.00,53.640201
64.00,53.631359
64.00,53.630187
64.00,53.630683
64.00,53.634445
64.00,53.638397
64.00,53.645088
64.00,53.648109
64.00,53.652523
64.00,53.660297
64.00,53.673435
64.00,53.690036
64.00,53.705490
64.00,53.715232
64.00,53.726215
64.00,53.737361
64.00,53.740875
64.00,53.737319
64.00,53.726959
64.00,53.720027
64.00,53.717544
64.00,53.711658
64.00,53.711086
64.00,53.713489
64.00,53.711730
64.00,53.691131
64.00,53.670642
64.00,53.652877
64.00,53.638221
64.00,53.627563
64.00,53.618400
64.00,53.613800
64.00,53.608501
64.00,53.600463
64.00,53.603809
64.00,53.617698
64.00,53.624443
64.00,53.629261
64.00,53.642601
64.00,53.664154
64.00,53.689559
64.00,53.716705
64.00,53.730243
64.00,53.738220
64.00,53.738609
64.00,53.733543
64.00,53.731258
64.00,53.732158
64.00,53.727603
64.00,53.721355
64.00,53.721313
64.00,53.725498
64.00,53.719226
64.00,53.708923
64.00,53.707031
64.00,53.711074
64.00,53.713321
64.00,53.708549
64.00,53.699562
64.00,53.690856
64.00,53.689441
64.00,53.693134
64.00,53.703029
64.00,53.710021
64.00,53.711509
64.00,53.711795
64.00,53.716415
64.00,53.723712
64.00,53.728324
64.00,53.720951
64.00,53.697296
64.00,53.671974
64.00,53.651863
64.00,53.634620
64.00,53.616786
64.00,53.590549
64.00,53.565456
64.00,53.542503
64.00,53.529418
64.00,53.531345
64.00,53.542964
64.00,53.559017
64.00,53.570167
64.00,53.574550
64.00,53.576999
64.00,53.590103
64.00,53.609073
64.00,53.627830
64.00,53.652610
64.00,53.687843
64.00,53.722393
64.00,53.750049
64.00,53.763900
64.00,53.767509
64.00,53.774459
64.00,53.780765
64.00,53.777130
64.00,53.775100
64.00,53.762275
64.00,53.748771
64.00,53.734191
64.00,53.715892
64.00,53.698184
64.00,53.682968
64.00,53.672031
64.00,53.666503
64.00,53.659740
64.00,53.656475
64.00,53.652126
64.00,53.651931
64.00,53.654613
64.00,53.650989
64.00,53.636695
64.00,53.627227
64.00,53.622436
64.00,53.626045
64.00,53.634521
64.00,53.631324
64.00,53.624202
64.00,53.617557
64.00,53.618476
64.00,53.627826
64.00,53.636054
64.00,53.629749
64.00,53.623420
64.00,53.626365
64.00,53.638530
64.00,53.655044
64.00,53.668449
64.00,53.687679
64.00,53.704895
64.00,53.717842
64.00,53.725177
64.00,53.725028
64.00,53.718891
64.00,53.711544
64.00,53.719577
64.00,53.730556
64.00,53.735866
64.00,53.735034
64.00,53.727108
64.00,53.716346
64.00,53.703670
70.20,59.084526
70.20,59.068943
70.20,59.060844
70.20,59.053825
70.20,59.046005
70.20,59.037631
70.20,59.034450
70.20,59.038444
70.20,59.052474
70.20,59.065319
70.20,59.073745
70.20,59.073623
70.20,59.069789
70.20,59.065063
70.20,59.067031
70.20,59.070331
70.20,59.071155
70.20,59.078155
70.20,59.088741
70.20,59.100833
70.20,59.108867
70.20,59.112594
70.20,59.119464
70.20,59.132129
70.20,59.142436
70.20,59.143756
70.20,59.137718
70.20,59.131713
70.20,59.129009
70.20,59.123260
70.20,59.118347
70.20,59.116767
70.20,59.116611
70.20,59.109004
70.20,59.099346
70.20,59.091007
70.20,59.076507
70.20,59.059284
70.20,59.044326
70.20,59.045284
70.20,59.057643
70.20,59.069229
70.20,59.077381
70.20,59.073493
70.20,59.059593
70.20,59.042690
70.20,59.021137
70.20,58.996917
70.20,58.978263
70.20,58.959396
70.20,58.949565
70.20,58.936119
70.20,58.924789
70.20,58.918342
70.20,58.914325
70.20,58.922855
70.20,58.928771
70.20,58.932025
70.20,58.933372
70.20,58.931526
70.20,58.936248
70.20,58.949165
70.20,58.961936
70.20,58.975498
70.20,58.978721
70.20,58.972679
70.20,58.971492
70.20,58.969310
70.20,58.967628
70.20,58.956111
70.20,58.940944
70.20,58.929676
70.20,58.924232
70.20,58.924144
70.20,58.922584
70.20,58.917533
70.20,58.905857
70.20,58.893123
70.20,58.881168
70.20,58.878501
70.20,58.877521
70.20,58.870025
70.20,58.865928
70.20,58.868515
70.20,58.877662
70.20,58.884975
70.20,58.883377
70.20,58.874931
70.20,58.870460
70.20,58.868175
70.20,58.863716
70.20,58.857059
70.20,58.848640
70.20,58.847564
70.20,58.849147
70.20,58.855194
70.20,58.868461
70.20,58.888614
70.20,58.910659
70.20,58.934318
70.20,58.953617
70.20,58.964458
70.20,58.957515
70.20,58.937713
70.20,58.924606
70.20,58.922313
70.20,58.928146
70.20,58.938602
70.20,58.946544
70.20,58.952663
70.20,58.959606
70.20,58.969387
70.20,58.974063
70.20,58.969795
70.20,58.964488
70.20,58.962818
70.20,58.961402
70.20,58.955966
70.20,58.951465
70.20,58.959751
70.20,58.974761
70.20,58.987808
70.20,59.001247
70.20,59.011959
70.20,59.017150
70.20,59.016185
70.20,59.012012
70.20,59.005332
70.20,58.989112
70.20,58.959114
70.20,58.937271
70.20,58.925857
70.20,58.918296
70.20,58.921924
70.20,58.933559
70.20,58.942493
70.20,58.944000
70.20,58.941059
70.20,58.939193
70.20,58.935474
70.20,58.925369
70.20,58.918750
70.20,58.907009
70.20,58.899745
70.20,58.906158
70.20,58.913791
70.20,58.905891
70.20,58.890602
70.20,58.867164
70.20,58.848617
70.20,58.831531
70.20,58.816665
70.20,58.810401
70.20,58.807445
70.20,58.804779
70.20,58.808238
70.20,58.808761
70.20,58.804874
70.20,58.800537
70.20,58.797779
70.20,58.804466
70.20,58.819061
70.20,58.830680
70.20,58.837276
70.20,58.829334
70.20,58.827854
70.20,58.831417
70.20,58.838130
70.20,58.855113
70.20,58.867893
70.20,58.871139
70.20,58.877643
70.20,58.888370
70.20,58.898838
70.20,58.907741
70.20,58.918392
70.20,58.928382
70.20,58.934135
70.20,58.948131
70.20,58.971981
70.20,58.995445
70.20,59.005867
70.20,59.002197
70.20,58.997920
70.20,58.989433
70.20,58.983619
70.20,58.971488
70.20,58.962028
70.20,58.956932
70.20,58.953018
70.20,58.948005
70.20,58.940090
70.20,58.938907
70.20,58.946098
70.20,58.957386
70.20,58.974380
70.20,58.984828
70.20,58.988845
70.20,58.989971
70.20,58.985366
70.20,58.975498
70.20,58.962593
70.20,58.951278
70.20,58.939918
70.20,58.927009
70.20,58.917186
70.20,58.910396
70.20,58.902511
70.20,58.896823
70.20,58.895401
70.20,58.891288
70.20,58.879306
70.20,58.871196
70.20,58.863304
70.20,58.857685
70.20,58.850307
70.20,58.844062
70.20,58.840923
70.20,58.836490
70.20,58.829811
70.20,58.820159
70.20,58.813919
70.20,58.806064
70.20,58.800895
70.20,58.798896
70.20,58.808227
70.20,58.823356
70.20,58.838294
70.20,58.855228
70.20,58.884044
70.20,58.919048
70.20,58.943874
70.20,58.958942
70.20,58.967170
70.20,58.970973
70.20,58.974117
70.20,58.975345
70.20,58.965988
70.20,58.954284
70.20,58.947902
70.20,58.938755
70.20,58.919372
70.20,58.895812
70.20,58.878429
70.20,58.879856
70.20,58.891429
70.20,58.900257
70.20,58.904792
70.20,58.908294
70.20,58.917606
70.20,58.928752
70.20,58.931594
70.20,58.930244
70.20,58.923652
70.20,58.910610
70.20,58.897888
70.20,58.881458
70.20,58.864372
70.20,58.853382
70.20,58.852375
70.20,58.856292
70.20,58.848690
70.20,58.832359
70.20,58.817703
70.20,58.816123
70.20,58.812000
70.20,58.812339
70.20,58.817127
70.20,58.820499
70.20,58.821063
70.20,58.820926
70.20,58.822898
70.20,58.829490
70.20,58.837409
70.20,58.844383
70.20,58.852870
70.20,58.860118
70.20,58.867050
70.20,58.873752
70.20,58.872966
70.20,58.864158
70.20,58.853900
70.20,58.847862
70.20,58.838085
70.20,58.825656
70.20,58.813552
70.20,58.807209
70.20,58.804607
70.20,58.809192
70.20,58.823329
70.20,58.835834
70.20,58.843357
70.20,58.845592
70.20,58.838859
70.20,58.832496
70.20,58.832496
70.20,58.838432
70.20,58.846279
70.20,58.850559
70.20,58.850624
70.20,58.847038
70.20,58.847778
70.20,58.847782
70.20,58.846416
70.20,58.850826
70.20,58.862789
70.20,58.878479
70.20,58.888877
70.20,58.892440
70.20,58.899105
70.20,58.915924
70.20,58.928485
70.20,58.937606
70.20,58.950984
70.20,58.958477
70.20,58.953952
70.20,58.948524
70.20,58.934482
70.20,58.922054
70.20,58.913974
70.20,58.912021
70.20,58.909061
70.20,58.908363
70.20,58.915668
70.20,58.928043
70.20,58.935546
70.20,58.944023
70.20,58.954425
70.20,58.962631
70.20,58.968315
70.20,58.973915
70.20,58.979389
70.20,58.981227
70.20,58.977745
70.20,58.965198
70.20,58.947116
70.20,58.929405
70.20,58.905967
70.20,58.884471
70.20,58.869235
70.20,58.857280
70.20,58.849212
70.20,58.846500
70.20,58.852317
70.20,58.867130
70.20,58.884502
70.20,58.902820
70.20,58.922904
70.20,58.932094
70.20,58.931472
70.20,58.923656
70.20,58.914710
70.20,58.914314
70.20,58.914054
70.20,58.910877
70.20,58.913391
70.20,58.925643
70.20,58.937931
70.20,58.947795
70.20,58.957725
70.20,58.966468
70.20,58.975170
70.20,58.980766
70.20,58.987701
70.20,58.993347
70.20,58.995735
70.20,58.995662
70.20,58.992553
70.20,58.980663
70.20,58.961708
70.20,58.936271
70.20,58.901542
70.20,58.867664
70.20,58.846359
70.20,58.835605
70.20,58.829071
70.20,58.823215
70.20,58.822860
70.20,58.836742
70.20,58.856906
70.20,58.871921
70.20,58.881217
70.20,58.889865
70.20,58.903533
70.20,58.917407
70.20,58.931827
70.20,58.939025
70.20,58.941375
70.20,58.947452
70.20,58.955642
70.20,58.962852
70.20,58.961971
70.20,58.957782
70.20,58.955024
70.20,58.953952
70.20,58.955387
70.20,58.958152
70.20,58.957954
70.20,58.951583
70.20,58.947330
70.20,58.940052
70.20,58.930679
70.20,58.933761
70.20,58.944686
70.20,58.953804
70.20,58.951824
70.20,58.950191
70.20,58.942085
70.20,58.926780
70.20,58.913574
70.20,58.896617
70.20,58.875553
70.20,58.863533
70.20,58.865432
70.20,58.872997
70.20,58.877323
70.20,58.877510
70.20,58.879695
70.20,58.886653
70.20,58.889739
70.20,58.885292
70.20,58.887226
70.20,58.899482
70.20,58.914314
83.70,71.242179
83.70,71.249031
83.70,71.251686
83.70,71.248413
83.70,71.236907
83.70,71.222061
83.70,71.207908
83.70,71.194496
83.70,71.184623
83.70,71.165832
83.70,71.136207
83.70,71.118942
83.70,71.105438
83.70,71.099960
83.70,71.098747
83.70,71.095840
83.70,71.095466
83.70,71.098541
83.70,71.096000
83.70,71.099937
83.70,71.113876
83.70,71.135887
83.70,71.156227
83.70,71.167221
83.70,71.175041
83.70,71.181510
83.70,71.181694
83.70,71.177978
83.70,71.164115
83.70,71.160987
83.70,71.170555
83.70,71.180374
83.70,71.185760
83.70,71.193893
83.70,71.193855
83.70,71.189956
83.70,71.189903
83.70,71.187698
83.70,71.177307
83.70,71.168411
83.70,71.162033
83.70,71.155960
83.70,71.157638
83.70,71.164466
83.70,71.165481
83.70,71.155975
83.70,71.144042
83.70,71.136795
83.70,71.136604
83.70,71.138778
83.70,71.144866
83.70,71.157073
83.70,71.172996
83.70,71.183044
83.70,71.189643
83.70,71.207130
83.70,71.226119
83.70,71.247573
83.70,71.267089
83.70,71.282356
83.70,71.297004
83.70,71.306320
83.70,71.299217
83.70,71.300025
83.70,71.313270
83.70,71.335182
83.70,71.353134
83.70,71.367347
83.70,71.381080
83.70,71.392768
83.70,71.403861
83.70,71.413795
83.70,71.420120
83.70,71.427131
83.70,71.436813
83.70,71.441757
83.70,71.445831
83.70,71.442176
83.70,71.447212
83.70,71.461021
83.70,71.471572
83.70,71.471939
83.70,71.460594
83.70,71.440948
83.70,71.420104
83.70,71.398429
83.70,71.375076
83.70,71.359909
83.70,71.352455
83.70,71.342277
83.70,71.335433
83.70,71.324165
83.70,71.301994
83.70,71.288223
83.70,71.283920
83.70,71.277809
83.70,71.264221
83.70,71.245384
83.70,71.235923
83.70,71.224174
83.70,71.213775
83.70,71.212387
83.70,71.213424
83.70,71.213531
83.70,71.211410
83.70,71.206466
83.70,71.199333
83.70,71.205070
83.70,71.212005
83.70,71.212028
83.70,71.207748
83.70,71.205947
83.70,71.216178
83.70,71.234191
83.70,71.248634
83.70,71.257003
83.70,71.278999
83.70,71.322280
83.70,71.359809
83.70,71.380928
83.70,71.404319
83.70,71.430946
83.70,71.451690
83.70,71.453178
83.70,71.439369
83.70,71.421348
83.70,71.400657
83.70,71.386856
83.70,71.377265
83.70,71.370536
83.70,71.357513
83.70,71.338462
83.70,71.320602
83.70,71.305358
83.70,71.302360
83.70,71.296859
83.70,71.293601
83.70,71.289726
83.70,71.280822
83.70,71.280525
83.70,71.280021
83.70,71.277450
83.70,71.272071
83.70,71.265464
83.70,71.263710
83.70,71.266921
83.70,71.271766
83.70,71.278793
83.70,71.283653
83.70,71.283210
83.70,71.279411
83.70,71.283447
83.70,71.283958
83.70,71.279937
83.70,71.271652
83.70,71.274833
83.70,71.283279
83.70,71.286964
83.70,71.293182
83.70,71.297203
83.70,71.299942
83.70,71.302047
83.70,71.303001
83.70,71.297439
83.70,71.288627
83.70,71.271766
83.70,71.258285
83.70,71.251625
83.70,71.256263
83.70,71.260047
83.70,71.267761
83.70,71.271598
83.70,71.266883
83.70,71.253883
83.70,71.238449
83.70,71.230339
83.70,71.226425
83.70,71.222328
83.70,71.219291
83.70,71.216651
83.70,71.212562
83.70,71.198371
83.70,71.185920
83.70,71.182151
83.70,71.182991
83.70,71.186882
83.70,71.190460
83.70,71.197143
83.70,71.215736
83.70,71.234344
83.70,71.251129
83.70,71.268737
83.70,71.292823
83.70,71.321907
83.70,71.338386
83.70,71.349388
83.70,71.358192
83.70,71.367622
83.70,71.371376
83.70,71.380943
83.70,71.392921
83.70,71.397872
83.70,71.403747
83.70,71.405143
83.70,71.404602
83.70,71.403945
83.70,71.401290
83.70,71.389579
83.70,71.375114
83.70,71.371986
83.70,71.375671
83.70,71.382759
83.70,71.387451
83.70,71.390075
83.70,71.391036
83.70,71.387840
83.70,71.383575
83.70,71.380340
83.70,71.375183
83.70,71.370391
83.70,71.354576
83.70,71.344604
83.70,71.342979
83.70,71.337638
83.70,71.332969
83.70,71.347488
83.70,71.365478
83.70,71.380424
83.70,71.391258
83.70,71.403427
83.70,71.412651
83.70,71.414855