0,0,0
16688,140,5336
16712,40,5436
16484,28,5456
16728,-112,5524
16752,-112,5636
16820,140,5312
16752,296,5572
16768,340,5584
16760,172,5552
16752,-12,5472
16736,12,5488
16840,168,5792
16760,220,5592
16664,236,5480
16652,56,5484
16828,-44,5484
16784,56,5560
16800,96,5600
16716,68,5672
16736,24,5560
16768,64,5332
16908,-16,5672
16908,176,5508
16800,444,5468
16708,280,5664
16656,-80,5524
16860,-152,5436
16708,20,5456
16740,220,5548
16772,328,5696
16768,-56,5564
16760,-24,5532
16648,-76,5508
16700,52,5488
16872,268,5560
16672,236,5532
16676,24,5552
16824,20,5600
16760,192,5660
16788,312,5524
16692,316,5468
16864,196,5580
16864,-56,5540
16868,36,5424
16820,76,5564
16864,204,5684
16796,344,5592
16720,108,5536
16796,64,5472
16580,172,5584
16716,180,5540
16640,160,5664
16804,168,5584
16816,20,5656
16788,-28,5572
16692,104,5700
16796,204,5616
16828,84,5608
16776,108,5676
16856,-44,5864
16868,88,5388
16776,124,5576
16668,140,5484
16816,68,5548
16760,164,5348
16684,44,5396
16772,116,5484
16936,52,5612
16648,32,5380
16816,140,5460
16776,276,5508
16796,240,5616
16824,168,5616
16836,88,5552
16768,152,5732
16716,-8,5596
16700,12,5440
16828,52,5640
16768,80,5600
16784,32,5556
16796,72,5588
16688,180,5568
16668,152,5472
16740,112,5496
16820,216,5448
16812,248,5608
16868,84,5408
16792,196,5468
16772,16,5460
16712,148,5664
16728,144,5476
16732,204,5732
16756,184,5604
16908,28,5600
16608,20,5496
16724,40,5584
16776,56,5708
16824,136,5556
16840,240,5512
16796,148,5560
16784,20,5572
16720,52,5464
16748,68,5496
16780,204,5408
16732,260,5608
16864,140,5684
16792,168,5616
16772,28,5692
16744,148,5664
16856,156,5504
16836,92,5728
16820,108,5564
16916,160,5572
16776,88,5576
16832,184,5608
16756,232,5592
16728,108,5500
16636,28,5596
16772,36,5560
16788,112,5512
16760,216,5620
16908,200,5572
16840,84,5576
16788,-68,5548
16584,-28,5612
16704,112,5684
16876,284,5180
16536,260,5268
16744,32,5712
16956,148,5472
16904,360,5616
16720,208,5620
16728,16,5760
16772,36,5380
16764,52,5452
16680,-4,5596
16620,184,5608
17036,88,6060
16664,84,5304
16592,-4,5572
16752,-68,5780
16736,96,5552
16944,160,5464
16788,368,5708
16696,176,5688
16764,-44,5500
16832,-32,5520
16748,-44,5632
16760,228,5704
16816,176,5656
16832,108,5500
16776,-56,5628
16748,8,5724
16716,48,5512
16784,220,5524
16752,136,5444
16744,104,5676
16720,-44,5612
16808,76,5404
16792,160,5484
16728,216,5648
16752,204,5532
16828,116,5520
16804,-48,5508
16824,96,5592
16840,236,5536
16804,64,5516
16840,-8,5588
16844,100,5532
16696,192,5560
16804,60,5460
16776,168,5536
16744,80,5568
16768,84,5484
16760,88,5584
16844,100,5652
16824,124,5556
16792,48,5616
16668,32,5548
16764,136,5396
16768,116,5640
16840,72,5600
16708,-40,5552
16656,84,5568
16700,84,5588
16708,80,5672
16768,60,5480
16720,56,5556
16764,108,5528
16768,140,5516
16760,196,5652
16808,0,5572
16756,112,5556
16760,136,5540
16692,72,5584
16772,40,5532
16752,-20,5600
16820,164,5468
16824,32,5572
16828,136,5460
16856,92,5652
16728,200,5544
16764,48,5488
16804,140,5800
16800,88,5508
16736,60,5512
16740,92,5656
16696,144,5656
16724,144,5640
16708,128,5664
16760,228,5564
16716,220,5568
16764,108,5452
16880,24,5596
16776,164,5460
16868,244,5584
16720,108,5572
16716,84,5468
16664,40,5532
16784,120,5652
16772,228,5624
16720,152,5540
16752,-28,5568
16832,-16,5468
16704,220,5628
16820,124,5656
16808,136,5556
16644,72,5544
16832,88,5628
16784,96,5700
16744,224,5492
16788,108,5480
16712,108,5716
16872,200,5652
16844,228,5540
16596,128,5596
16876,192,5560
16784,204,5360
16760,40,5560
16668,72,5704
16736,212,5608
16812,236,5648
16696,116,5692
16756,72,5532
16776,20,5456
16864,48,5472
16780,148,5608
16872,172,5556
16744,-4,5532
16792,68,5588
16800,52,5532
16792,132,5524
16748,160,5592
16792,168,5648
16836,84,5628
16816,116,5476
16712,164,5524
16792,152,5600
16716,152,5456
16840,72,5572
16712,12,5604
16644,96,5568
16832,164,5648
16728,128,5644
16820,140,5572
16712,92,5504
16708,172,5524
16704,104,5576
16724,236,5536
16820,60,5516
16776,100,5504
16808,108,5520
16748,144,5464
16776,124,5668
16844,204,5508
16768,188,5540
16672,16,5636
16708,20,5552
16876,52,5536
16752,140,5728
16808,184,5548
16784,268,5624
16904,128,5708
16748,44,5596
16768,80,5552
16844,116,5480
16772,60,5588
16640,96,5376
16736,-56,5556
16752,68,5436
16804,184,5480
16816,200,5648
16752,192,5664
16776,72,5568
16792,-44,5444
16864,-40,5660
16752,192,5548
16752,208,5636
16752,112,5652
16720,96,5620
16764,124,5640
16768,116,5716
16888,116,5752
16820,164,5588
16648,128,5636
16660,32,5468
16728,-68,5576
16768,76,5584
16696,148,5572
16784,240,5684
16784,104,5636
16768,96,5600
16768,100,5484
16884,128,5540
16744,164,5496
16788,128,5552
16808,100,5516
16880,72,5568
16800,140,5552
16748,160,5496
16720,156,5624
16752,32,5560
16804,16,5564
16760,120,5536
16764,108,5648
16736,140,5584
16800,144,5552
16872,120,5540
16824,52,5592
16808,124,5484
16824,204,5456
16804,144,5492
16800,220,5628
16872,108,5508
16688,92,5688
16672,104,5548
16768,136,5624
16732,200,5496
16812,36,5628
16784,208,5492
16776,172,5632
16792,72,5556
16764,188,5472
16816,192,5556
16776,52,5556
16796,196,5540
16724,204,5596
16804,208,5480
16616,28,5656
16728,36,5600
16808,84,5492
16708,220,5644
16808,-24,5492
16828,216,5576
16800,52,5412
16716,88,5536
16736,64,5488
16796,136,5612
16776,144,5608
16748,172,5612
16680,68,5736
16760,144,5556
16800,100,5656
16740,120,5584
16832,100,5388
16820,72,5560
16744,96,5572
16916,100,5468
16764,96,5560
16704,76,5556
16780,156,5516
16792,136,5548
16832,192,5620
16792,164,5604
16644,132,5624
16748,68,5640
16876,112,5412
16780,112,5620
16780,184,5568
16792,216,5588
16796,156,5580
16808,68,5564
16748,-12,5508
16756,32,5576
16816,140,5532
16696,132,5628
16676,80,5588
16752,40,5568
16916,132,5608
16844,40,5568
16732,160,5616
16716,112,5484
16752,152,5468
16748,4,5520
16792,180,5544
16700,184,5552
16844,124,5696
16816,-56,5552
16752,56,5548
16836,196,5664
16760,132,5620
16848,120,5616
16692,128,5624
16736,92,5532
16848,140,5540
16736,268,5560
16780,188,5640
16788,32,5508
16704,32,5536
16728,84,5560
16684,140,5616
16772,152,5552
16856,8,5496
16820,80,5452
16760,100,5552
16696,16,5592
16804,96,5560
16636,40,5620
16824,96,5556
16796,172,5520
16804,108,5560
16804,68,5680
16832,-8,5516
16744,164,5500
16776,88,5488
16820,116,5556
16824,92,5580
16760,68,5604
16768,132,5500
16752,60,5624
16684,228,5632
16708,76,5612
16788,92,5648
16744,176,5536
16808,88,5780
16776,208,5656
16720,64,5364
16780,108,5612
16728,88,5608
16772,112,5528
16812,104,5444
16788,160,5668
16820,64,5524
16736,116,5716
16788,132,5648
16736,144,5444
16880,28,5640
16664,148,5560
16736,204,5560
16724,152,5564
16732,152,5620
16744,80,5524
16808,100,5560
16704,-12,5624
16812,96,5604
16768,116,5628
16828,108,5680
16824,132,5556
16792,96,5688
16816,56,5532
16768,136,5704
16768,96,5632
16844,88,5512
16856,48,5436
16748,160,5640
16748,252,5600
16736,48,5532
16748,100,5528
16720,36,5688
16904,120,5700
16792,52,5620
16720,-4,5572
16772,128,5496
16760,144,5436
16792,172,5572
16836,132,5564
16720,-44,5532
16672,76,5480
16720,144,5680
16872,212,5664
16692,160,5604
16692,12,5560
16744,100,5532
16852,36,5376
16756,248,5548
16816,292,5688
16800,-8,5568
16772,8,5652
16900,124,5728
16672,108,5500
16704,124,5684
16756,20,5588
16864,148,5260
16592,180,5580
16664,64,5604
16900,140,5464
16820,188,5608
16692,164,5608
16720,40,5560
16880,20,5532
16788,-24,5596
16728,32,5636
16748,88,5544
16808,236,5680
16744,260,5728
16736,60,5508
16696,-8,5516
16792,4,5476
16836,120,5496
16764,192,5684
16812,4,5492
16684,0,5620
16708,-24,5560
16872,164,5560
16800,216,5600
16788,144,5644
16764,24,5408
16720,-8,5552
16760,116,5448
16744,228,5552
16848,168,5656
16800,84,5508
16744,88,5504
16812,8,5464
16680,92,5640
16676,108,5628
16792,56,5556
16780,88,5500
16756,-16,5528
16768,76,5660
16772,172,5556
16732,64,5524
16780,32,5664
16712,56,5608
16800,56,5724
16756,148,5572
16724,56,5472
16772,84,5620
16808,128,5672
16796,20,5580
16736,-12,5556
16852,8,5616
16816,80,5608
16836,248,5568
16816,124,5540
16728,252,5712
16824,108,5476
16768,72,5472
16848,184,5588
16712,152,5432
16608,80,5616
16700,40,5572
16936,80,5532
16792,116,5588
16704,184,5632
16800,148,5588
16828,28,5560
16776,44,5444
16800,40,5596
16832,184,5524
16776,64,5508
16732,128,5484
16800,68,5652
16784,132,5504
16828,116,5404
16724,120,5656
16748,116,5432
16772,-56,5532
16856,76,5444
16836,64,5468
16792,260,5592
16716,120,5584
16792,100,5640
16772,-4,5616
16832,116,5592
16768,144,5508
16824,36,5616
16720,96,5472
16796,40,5492
16872,104,5464
16748,84,5600
16808,112,5636
16788,96,5488
16800,-36,5636
16820,-16,5528
16756,64,5576
16824,104,5592
16776,40,5652
16772,136,5696
16756,172,5696
16772,84,5448
16808,96,5736
16860,108,5508
16752,176,5464
16760,112,5532
16888,120,5604
16772,116,5504
16756,44,5496
16784,96,5508
16796,132,5540
16776,112,5576
16768,80,5464
16812,76,5556
16800,44,5548
16812,116,5480
16724,116,5640
16804,148,5580
16796,120,5528
16856,104,5680
16752,108,5676
16736,44,5664
16868,124,5552
16776,136,5472
16760,-44,5560
16760,84,5576
16800,36,5460
16892,204,5524
16720,80,5540
16792,128,5488
16764,56,5628
16760,76,5548
16708,84,5696
16748,120,5476
16732,24,5624
16876,108,5636
16800,32,5564
16704,84,5540
16732,144,5656
16712,76,5560
16768,56,5624
16804,52,5480
16740,108,5600
16808,36,5648
16736,132,5556
16708,140,5516
16748,100,5592
16760,28,5616
16788,196,5648
16656,132,5656
16760,24,5692
16812,40,5516
16700,108,5728
16696,112,5572
16720,140,5592
16668,-16,5572
16772,40,5660
16680,88,5568
16816,48,5560
16808,96,5560
16844,36,5584
16808,152,5584
16808,84,5608
16740,156,5576
16788,152,5516
16720,96,5476
16676,-8,5436
16752,128,5448
16740,176,5540
16748,84,5516
16844,40,5616
16896,60,5532
16832,0,5536
16728,164,5580
16812,80,5460
16728,96,5428
16816,76,5484
16828,216,5640
16824,80,5616
16836,4,5532
16748,64,5496
16780,64,5508
16752,72,5504
16836,116,5564
16816,140,5636
16800,140,5540
16700,84,5484
16804,108,5448
16680,68,5568
16872,180,5504
16852,140,5540
16800,152,5684
16760,64,5520
16820,52,5596
16852,8,5588
16724,80,5392
16732,116,5656
16804,144,5476
16692,164,5516
16768,124,5672
16760,112,5600
16824,144,5632
16736,128,5624
16776,152,5572
16732,48,5460
16724,-56,5472
16816,152,5592
16768,84,5476
16704,48,5528
16800,68,5460
16904,80,5576
16812,52,5460
16744,152,5540
16796,132,5648
16832,156,5556
16748,136,5688
16716,148,5520
16752,152,5668
16812,40,5572
16792,72,5472
16700,128,5488
16744,124,5696
16784,216,5604
16716,56,5476
16736,172,5564
16824,152,5580
16772,72,5508
16820,120,5492
16808,128,5512
16792,168,5544
16824,120,5544
16648,108,5688
16700,44,5512
16628,56,5576
16768,8,5576
16816,100,5536
16812,156,5752
16720,72,5432
16756,96,5652
16816,-4,5568
16764,84,5664
16704,264,5488
16716,160,5596
16764,172,5572
16680,156,5616
16744,24,5552
16776,84,5592
16848,104,5592
16776,-12,5404
16804,36,5568
16756,64,5568
16808,104,5564
16784,24,5532
16760,160,5576
16780,96,5604
16808,232,5616
16840,184,5576
16800,92,5668
16788,40,5400
16752,68,5648
16652,116,5528
16884,96,5576
16780,56,5472
16800,144,5484
16816,120,5504
16784,56,5588
16844,32,5496
16740,84,5500
16776,128,5512
16744,136,5580
16848,208,5600
16808,68,5528
16768,92,5568
16788,36,5492
16740,36,5704
16780,152,5508
16716,100,5636
16716,132,5572
16736,100,5636
16828,4,5448
16768,64,5516
16800,184,5416
16720,48,5612
16760,100,5548
16744,-20,5592
16720,164,5660
16804,156,5492
16752,152,5428
16848,56,5568
16776,164,5572
16864,72,5428
16860,108,5492
16832,64,5596
16860,96,5564
16748,0,5648
16736,44,5512
16904,52,5604
16752,152,5568
16752,136,5540
16864,44,5532
16772,36,5500
16852,172,5568
16996,104,5784
16636,84,5264
16648,32,5652
16836,64,5688
16708,-8,5624
16716,104,5380
16888,248,5512
16832,228,5660
16860,172,5524
16728,24,5372
16552,-104,5564
16864,-96,5524
16800,180,5428
16832,360,5544
16672,252,5620
16696,20,5632
16804,-56,5592
16752,52,5452
16772,132,5564
16792,148,5604
16908,-4,5632
16704,-36,5588
16768,-48,5720
16728,152,5488
16852,240,5560
16800,124,5588
16704,60,5520
16852,52,5592
16864,60,5532
16832,184,5628
16784,144,5572
16768,68,5476
16780,-12,5604
16800,132,5576
16756,124,5568
16808,216,5592
16872,20,5544
16716,-84,5568
16688,28,5616
16816,84,5416
16884,180,5456
16772,44,5736
16792,20,5716
16808,72,5624
16856,144,5648
16784,116,5584
16756,148,5604
16752,32,5604
16812,32,5640
16744,108,5476
16760,164,5484
16812,200,5604
16744,36,5524
16668,8,5616
16804,60,5484
16856,200,5508
16764,192,5476
16756,208,5648
16760,-12,5512
16832,88,5572
16724,220,5652
16692,80,5508
16828,100,5556
16800,120,5372
16816,36,5516
16904,200,5704
16928,152,5632
16768,200,5364
16736,140,5480
16632,-112,5708
16700,-8,5680
16836,176,5604
16832,424,5548
16736,140,5684
16712,-104,5708
16804,-144,5376
16668,-4,5576
16968,248,5748
16800,312,5544
16736,172,5616
16588,-40,5656
16680,-140,5700
16908,128,5544
16820,232,5504
16800,344,5632
16768,88,5580
16756,4,5408
16744,-124,5488
16820,84,5624
16968,312,5572
16804,320,5572
16700,152,5668
16684,-192,5728
16824,-148,5532
16776,176,5648
16720,240,5596
16784,176,5748
16804,-16,5632
16828,-108,5540
16828,0,5608
16764,92,5728
16768,128,5576
16792,136,5552
16856,204,5632
16804,144,5532
16784,40,5496
16848,164,5412
16752,120,5528
16776,64,5508
16772,88,5632
16800,60,5568
16776,148,5536
16680,108,5564
16800,120,5544
16860,128,5688
16800,144,5532
16832,204,5564
16696,60,5508
16676,96,5596
16748,144,5616
16840,144,5636
16748,184,5536
16876,212,5500
16796,60,5532
16768,20,5552
16800,160,5536
16784,268,5540
16856,128,5652
16744,192,5612
16912,208,5660
16748,112,5368
16644,156,5620
16764,-80,5688
16724,60,5664
16784,84,5540
16844,260,5592
16672,84,5544
16864,80,5472
16784,44,5384
16640,92,5520
16740,8,5656
16912,164,5576
16844,180,5412
16716,120,5576
16656,144,5664
16820,156,5652
16760,164,5448
16676,156,5560
16628,116,5556
16716,68,5532
16796,32,5556
16704,-28,5452
16992,216,5768
16484,204,5748
16784,80,5588
16804,16,5520
16660,116,5512
16704,172,5560
16748,196,5600
16840,144,5576
16764,72,5788
16768,124,5768
16760,128,5572
16732,264,5628
16800,88,5552
16812,88,5484
16760,52,5632
16808,-28,5612
16808,180,5652
16792,172,5616
16656,72,5536
16772,64,5564
16804,140,5568
16704,80,5532
16816,148,5512
16676,224,5476
16820,172,5624
16756,52,5576
16812,92,5404
16756,168,5572
16800,84,5476
16800,156,5676
16768,84,5620
16784,-32,5476
16768,108,5632
16688,108,5508
16740,76,5580
16832,148,5584
16744,108,5676
16720,160,5592
16792,120,5664
16708,-12,5648
16812,64,5568
16744,112,5568
16772,56,5564
16720,240,5640
16804,144,5616
16764,80,5640
16632,72,5488
16808,96,5524
16800,36,5496
16776,128,5676
16676,-44,5684
16760,88,5560
16760,44,5488
16752,64,5652
16856,96,5468
16816,124,5508
16760,180,5568
16840,80,5504
16816,140,5504
16788,40,5588
16808,32,5616
16680,96,5680
16768,136,5672
16728,120,5612
16668,80,5744
16816,84,5588
16696,108,5596
16828,124,5444
16700,32,5644
16872,68,5660
16576,180,5564
16884,184,5432
16672,228,5592
16736,80,5568
16768,128,5528
16844,108,5604
16776,104,5708
16752,104,5612
16816,52,5664
16804,32,5452
16796,4,5444
16692,124,5556
16736,72,5644
16744,140,5580
16756,0,5520
16796,112,5652
16868,192,5572
16788,100,5612
16824,0,5540
16808,-24,5748
16760,60,5488
16728,148,5600
16712,60,5536
16764,28,5552
16792,96,5752
16792,92,5624
16804,260,5492
16748,128,5604
16680,96,5496
16768,32,5564
16668,104,5576
16824,184,5532
16688,168,5632
16760,168,5428
16780,104,5532
16740,76,5620
16752,192,5556
16900,88,5608
16796,84,5472
16840,36,5684
16828,88,5592
16832,132,5584
16836,188,5616
16800,196,5612
16668,-36,5712
16696,80,5520
16804,104,5452
16752,144,5664
16780,232,5656
16716,120,5508
16720,56,5584
16752,112,5488
16728,80,5540
16676,48,5580
16876,100,5684
16728,112,5424
16724,116,5572
16712,-32,5608
16708,112,5484
16752,108,5652
16764,92,5528
16712,88,5524
16784,168,5660
16744,204,5708
16772,152,5592
16812,212,5592
16768,148,5584
16788,120,5664
16792,56,5620
16748,60,5496
16744,24,5480
16812,136,5612
16824,140,5568
16840,168,5636
16828,200,5532
16756,136,5600
16808,152,5600
16860,168,5600
16828,172,5580
16764,172,5600
16776,108,5564
16756,124,5528
16784,228,5636
16844,20,5616
16888,68,5604
16844,4,5620
16716,96,5576
16748,116,5672
16804,144,5676
16816,88,5764
16820,-40,5476
16672,108,5600
16784,116,5500
16852,236,5352
17044,96,5328
16856,32,5704
16760,148,5656
16868,128,5552
16728,56,5508
16652,96,5688
16696,100,5668
16796,72,5484
16696,84,5444
16752,116,5664
16756,96,5712
16788,0,5456
16724,84,5616
16892,48,5740
16692,120,5316
16724,172,5628
16828,96,5688
16832,88,5516
16724,116,5640
16784,164,5640
16772,116,5556
16768,84,5420
16680,16,5488
16776,100,5556
16808,180,5640
16840,76,5676
16792,12,5676
16740,32,5600
16836,64,5664
16728,136,5668
16940,116,5580
16840,260,5460
16720,164,5640
16636,56,5532
16712,-40,5656
16828,84,5588
16608,268,5544
17080,316,5616
16860,280,5384
16516,32,5568
16620,-176,5720
16680,-116,5496
17024,292,5404
16896,328,5508
16788,376,5632
16816,52,5508
16732,-88,5452
16648,-172,5612
16508,-68,5640
17044,168,5588
16820,176,5484
16600,8,5656
16712,-72,5676
16940,20,5660
16732,220,5460
16732,184,5624
16720,136,5496
16788,-12,5340
16816,16,5652
16736,132,5696
16772,232,5432
16756,132,5468
16672,80,5656
16860,0,5568
16620,16,5488
16816,68,5572
16756,96,5776
16776,56,5532
16804,132,5472
16796,0,5668
16684,16,5620
16724,112,5600
16788,88,5580
16792,184,5680
16828,340,5544
16640,80,5488
16936,12,5580
16836,40,5468
16680,172,5708
16776,224,5768
16712,56,5560
16832,52,5536
16720,124,5620
16808,148,5688
16912,240,5684
16792,160,5344
16752,-36,5708
16724,-92,5732
16772,32,5348
16796,284,5748
16840,180,5492
16776,100,5488
16896,184,5540
16712,-12,5388
16764,20,5464
16832,200,5548
16836,192,5420
16880,128,5444
16720,40,5584
16740,28,5448
16772,160,5592
16836,144,5544
16800,160,5532
16732,148,5504
16848,24,5488
16816,52,5648
16876,36,5328
16672,128,5612
16744,12,5644
16860,32,5608
16788,96,5532
16724,192,5560
16824,128,5744
16764,216,5468
16672,108,5568
16832,244,5460
16840,244,5568
16816,72,5616
16944,64,5584
16852,92,5776
16800,116,5524
16748,236,5592
16884,164,5360
16816,148,5488
16824,168,5584
16744,52,5540
16668,88,5672
16780,172,5668
16864,248,5744
16820,268,5540
16724,76,5672
16664,76,5684
16592,-16,5420
16924,116,5624
16788,216,5508
16724,164,5488
16620,160,5724
16644,0,5568
16828,140,5460
16880,236,5436
16732,404,5556
16776,268,5512
16728,52,5480
16596,16,5656
16808,-68,5640
16796,92,5656
16804,240,5564
16832,200,5692
16668,8,5632
16720,8,5508
16904,112,5620
16744,104,5628
16688,212,5636
16644,72,5576
16752,20,5576
16716,84,5492
16784,116,5540
16752,32,5652
16872,156,5672
16824,64,5580
16748,172,5568
16792,68,5544
16848,176,5560
16812,172,5500
16736,124,5616
16852,108,5568
16728,76,5524
16756,84,5552
16876,108,5680
16724,32,5712
16760,64,5632
16860,156,5720
16696,68,5664
16776,136,5576
16720,96,5588
16628,172,5492
16808,120,5612
16792,80,5616
16732,96,5608
16812,20,5524
16752,92,5572
16808,60,5652
16792,-16,5468
16776,144,5672
16732,120,5592
16808,200,5616
16708,172,5616
16784,220,5584
16740,32,5536
16820,8,5732
16780,116,5584
16792,124,5460
16660,160,5540
16904,100,5732
16696,64,5524
16700,88,5588
16892,24,5700
16832,148,5492
16700,128,5624
16724,92,5656
16628,12,5680
16740,8,5532
16832,-44,5588
16728,108,5564
16752,116,5644
16800,52,5560
16744,140,5508
16744,128,5564
16776,164,5640
16864,132,5632
16760,116,5720
16796,16,5548
16728,32,5588
16820,64,5476
16744,4,5600
16760,112,5680
16792,128,5524
16700,68,5584
16776,24,5536
16808,152,5688
16752,120,5596
16836,220,5600
16768,92,5512
16700,76,5624
16688,84,5548
16812,160,5472
16780,156,5660
16848,108,5568
16784,28,5556
16700,112,5464
16844,76,5552
16764,164,5624
16840,92,5488
16800,104,5616
16728,0,5636
16712,64,5576
16784,160,5484
16708,136,5672
16692,104,5584
16788,144,5600
16748,164,5492
16828,160,5592
16812,196,5568
16752,96,5512
16812,112,5552
16776,124,5596
16760,128,5720
16720,216,5536
16820,116,5568
16788,84,5608
16728,68,5540
16860,84,5568
16748,172,5620
16824,128,5568
16832,92,5532
16728,156,5556
16744,140,5616
16796,108,5480
16860,8,5552
16820,112,5612
16784,128,5708
16740,84,5492
16744,152,5628
16820,52,5560
16712,60,5532
16740,68,5484
16732,0,5528
16708,112,5556
16720,-32,5536
16800,112,5540
16760,76,5600
16624,92,5468
16812,-28,5720
16724,100,5684
16672,104,5648
16744,68,5632
16728,140,5600
16700,60,5524
16844,96,5600
16888,116,5592
16840,276,5484
16776,128,5624
16784,8,5564
16776,156,5628
16720,132,5492
16728,80,5588
16780,152,5608
16664,80,5504
16828,92,5592
16736,120,5680
16828,96,5472
16820,52,5512
16796,140,5668
16744,56,5644
16736,252,5612
16872,112,5536
16760,20,5608
16696,52,5648
16740,-28,5588
16760,112,5632
16804,192,5640
16760,96,5476
16752,-12,5632
16712,96,5592
16780,192,5632
16728,220,5468
16796,144,5588
16944,164,5664
16512,184,5616
16944,28,5624
16740,108,5556
16772,76,5552
16784,148,5728
16848,128,5476
16660,232,5620
16832,96,5632
16744,56,5592
16720,104,5536
16836,164,5716
16796,92,5508
16752,268,5624
16628,24,5456
16792,64,5420
16964,32,5704
16732,20,5440
16756,212,5540
16772,184,5692
16736,32,5500
16836,76,5488
16660,104,5428
16764,120,5504
16784,76,5508
16744,80,5508
16732,124,5624
16756,108,5484
16752,112,5640
16748,112,5636
16692,76,5644
16792,116,5612
16796,144,5480
16796,212,5560
16776,80,5584
16816,84,5732
16784,52,5476
16800,-32,5668
16764,52,5380
16768,108,5432
16744,68,5596
16848,28,5612
16812,4,5712
16768,184,5476
16736,32,5640
16788,184,5448
16828,196,5552
16732,280,5676
16764,108,5636
16840,76,5500
16784,92,5624
16800,148,5700
16740,136,5608
16776,84,5568
16792,24,5708
16844,120,5652
16884,124,5568
16696,160,5488
16728,84,5628
16692,-136,5460
16708,200,5652
16840,224,5516
16752,200,5292
16740,216,5584
16832,60,5668
16800,8,5464
16688,72,5632
16744,136,5624
17080,36,5640
16432,216,5540
16788,16,5680
16864,-8,5696
16760,76,5504
16820,208,5336
16856,116,5748
16760,88,5520
16732,16,5556
16840,176,5584
16744,192,5704
16744,156,5728
16888,164,5536
16856,116,5712
16752,88,5608
16700,120,5492
16808,144,5596
16756,128,5604
16740,24,5552
16816,-20,5564
16800,136,5516
16708,52,5600
16872,28,5588
16816,144,5648
16744,-4,5572
16708,160,5644
16732,172,5516
16888,88,5516
16736,124,5552
16800,116,5540
16848,-12,5596
16820,140,5532
16760,172,5588
16708,68,5548
16760,24,5552
16784,132,5600
16744,76,5620
16768,76,5536
16832,140,5652
16824,88,5680
16856,172,5536
16780,84,5648
16792,172,5584
16744,16,5552
16740,136,5692
16780,52,5508
16764,128,5472
16828,108,5460
16816,136,5532
16800,52,5540
16856,76,5572
16796,80,5696
16748,144,5576
16848,156,5592
16728,44,5584
16812,48,5532
16780,148,5708
16824,144,5452
16748,116,5512
16796,-40,5552
16756,52,5540
16780,96,5628
16808,132,5496
16768,120,5540
16792,-24,5552
16740,64,5488
16704,40,5604
16712,212,5468
16764,144,5520
16800,72,5612
16772,44,5600
16736,84,5540
16792,64,5656
16776,152,5564
16784,76,5480
16800,112,5624
16844,96,5676
16880,96,5508
16688,12,5664
16688,80,5584
16800,32,5568
16856,56,5532
16720,48,5604
16772,16,5528
16764,88,5592
16824,96,5460
16752,168,5532
16684,128,5400
16780,108,5568
16800,44,5624
16808,0,5560
16764,140,5692
16728,144,5624
16732,52,5568
16808,116,5448
16752,152,5484
16788,104,5636
16808,104,5548
16764,-32,5584
16752,100,5528
16688,172,5652
16804,96,5632
16764,24,5472
16784,96,5464
16760,280,5688
16740,248,5712
16736,204,5536
16760,160,5508
16732,88,5468
16708,100,5640
16736,184,5488
16768,112,5592
16832,-20,5668
16792,28,5452
16792,88,5496
16800,120,5524
16880,152,5600
16752,152,5548
16732,68,5528
16708,36,5500
16744,92,5648
16692,136,5572
16856,-20,5616
16764,136,5608
16720,140,5596
16760,188,5660
16700,180,5680
16720,48,5712
16804,48,5680
16804,116,5524
16672,40,5624
16704,128,5612
16724,172,5472
16756,144,5580
16732,96,5604
16776,172,5552
16800,192,5672
16764,72,5600
16828,148,5504
16848,112,5452
16680,96,5568
16720,68,5628
16784,64,5484
16900,72,5636
16680,104,5520
16720,76,5556
16852,36,5628
16860,120,5544
16864,52,5568
16772,84,5676
16684,72,5596
16776,56,5584
16808,80,5580
16756,20,5708
16652,292,5592
16812,108,5604
16764,116,5548
16808,52,5680
16688,-8,5484
16736,44,5604
16796,52,5704
16688,92,5596
16732,64,5724
16876,168,5532
16812,28,5648
16760,136,5500
16824,120,5576
16776,180,5580
16712,192,5508
16780,80,5628
16812,88,5680
16672,84,5340
16796,52,5456
16804,140,5588
16748,84,5668
16852,68,5488
16732,68,5676
16748,108,5668
16800,56,5492
16800,40,5552
16780,108,5552
16812,56,5600
16824,132,5508
16752,88,5716
16808,80,5656
16760,152,5672
16736,160,5520
16736,0,5484
16748,100,5532
16880,172,5476
16724,148,5504
16760,104,5692
16752,72,5556
16800,100,5424
16684,140,5660
16620,40,5572
16872,-8,5500
16852,40,5608
16760,196,5468
16832,284,5664
16724,152,5676
16804,44,5616
16796,-24,5416
16672,132,5496
16788,152,5472
16748,184,5552
16776,92,5676
16804,16,5604
16796,108,5524
16724,196,5672
16800,152,5540
16792,24,5580
16800,12,5528
16804,200,5572
16760,236,5712
16764,112,5496
16740,92,5504
16724,152,5608
16816,84,5496
16704,140,5684
16788,96,5664
16808,64,5716
16820,60,5748
16680,84,5416
16696,40,5632
16792,108,5520
16760,148,5556
16740,132,5572
16752,44,5640
16740,116,5548
16672,84,5544
16668,88,5560
16788,120,5524
16704,140,5544
16836,8,5528
16760,48,5648
16724,172,5636
16816,188,5552
16676,152,5580
16696,124,5616
16752,116,5556
16752,124,5504
16716,260,5608
16724,128,5748
16688,68,5632
16788,-4,5576
16772,76,5688
16804,184,5532
16728,140,5576
16716,112,5656
16696,-60,5488
16860,32,5696
16796,184,5500
16760,124,5576
16736,136,5628
16764,72,5512
16752,128,5628
16760,68,5620
16816,156,5572
16816,128,5452
16804,268,5540
16820,176,5572
16748,84,5548
16716,160,5644
16748,164,5784
16816,40,5600
16732,92,5468
16700,84,5544
16756,128,5544
16788,92,5560
16720,80,5500
16700,84,5600
16720,124,5512
16736,120,5592
16756,40,5588
16844,68,5568
16744,20,5692
16812,160,5476
16776,128,5468
16788,36,5608
16696,180,5572
16772,108,5544
16840,128,5604
16748,152,5656
16788,-40,5592
16768,176,5580
16748,108,5528
16752,28,5600
16752,140,5712
16720,96,5604
16756,64,5632
16756,24,5508
16808,144,5512
16820,140,5512
16792,96,5648
16824,32,5496
16780,52,5600
16804,108,5624
16692,72,5592
16704,148,5664
16752,44,5532
16776,-28,5704
16712,132,5688
16712,132,5524
16672,80,5672
16772,56,5772
16736,164,5472
16776,104,5600
16800,188,5624
16720,84,5540
16780,108,5616
16716,96,5576
16816,120,5644
16696,124,5552
16788,140,5504
16668,44,5420
16696,60,5644
16888,128,5760
16748,176,5528
16828,144,5520
16816,100,5516
16764,84,5524
16732,100,5564
16828,72,5680
16836,0,5456
16788,88,5496
16680,76,5584
16916,132,5580
16780,96,5676
16796,140,5552
16852,104,5684
16740,116,5564
16744,28,5384
16736,152,5556
16800,160,5560
16752,92,5664
16732,140,5584
16644,-8,5556
16848,112,5460
16732,212,5556
16720,172,5620
16636,52,5576
16844,132,5636
16804,52,5612
16768,116,5512
16800,96,5696
16724,72,5592
16896,136,5568
16852,172,5580
16840,208,5560
16716,136,5588
16776,108,5624
16768,52,5668
16748,192,5612
16752,52,5560
16832,64,5500
16672,88,5464
16692,64,5588
16796,56,5520
16912,108,5492
16716,112,5700
16840,92,5668
16784,140,5532
16716,72,5544
16784,108,5608
16780,120,5624
16776,112,5584
16760,120,5552
16716,72,5500
16872,116,5648
16792,144,5516
16760,-20,5520
16752,152,5544
16804,12,5600
16696,68,5736
16764,44,5592
16800,136,5492
16704,8,5608
16772,232,5472
16724,140,5520
16736,88,5636
16744,-44,5488
16764,152,5548
16792,36,5576
16708,212,5636
16700,184,5600
16692,80,5460
16772,180,5612
16720,120,5552
16832,120,5580
16844,104,5500
16836,88,5480
16728,100,5540
16792,72,5556
16764,68,5484
16768,12,5556
16744,184,5564
16752,288,5716
16768,124,5688
16672,148,5548
16840,104,5568
16724,140,5516
16768,48,5512
16660,80,5488
16716,68,5540
16776,76,5488
16736,120,5568
16836,168,5628
16816,84,5540
16668,64,5484
16800,108,5576
16836,168,5684
16748,160,5696
16720,64,5568
16740,148,5632
16720,108,5564
16788,136,5564
16776,-8,5564
16748,176,5468
16760,88,5532
16828,32,5540
16804,-4,5584
16876,148,5528
16848,4,5608
16776,180,5640
16788,96,5528
16860,136,5484
16724,200,5448
16788,12,5748
16748,16,5708
16692,68,5548
16776,128,5636
16760,188,5560
16656,52,5496
16744,72,5800
16780,96,5536
16752,124,5620
16824,124,5636
16744,192,5524
16752,112,5552
16752,112,5588
16764,156,5580
16728,64,5564
16888,144,5856
16508,324,5532
16776,40,5508
16808,244,5568
16668,148,5396
16716,24,5612
16816,96,5624
16788,12,5524
16752,164,5672
16644,140,5548
16876,36,5552
16872,96,5560
16644,160,6012
16400,224,5816
16904,36,5756
16864,132,5612
16812,96,5468
16744,48,5596
16792,100,5616
16688,92,5464
16752,76,5696
16712,76,5584
16736,28,5576
16780,176,5532
16756,68,5688
16776,84,5564
16800,164,5472
16756,128,5528
16852,40,5616
16920,124,5584
16740,16,5592
16636,72,5584
16988,8,5704
16864,112,5388
16800,88,5520
16644,20,5708
16816,44,5416
16752,96,5536
16620,152,5460
16780,188,5744
16824,72,5700
16828,108,5376
16820,260,5648
16768,116,5612
16832,64,5396
16916,-12,5480
16756,72,5536
16728,40,5504
16688,180,5592
16840,52,5572
16888,64,5464
16800,96,5684
16832,88,5552
16776,136,5552
16704,156,5580
16812,124,5616
16728,64,5568
16900,72,5620
16688,76,5424
16636,-24,5664
16828,76,5720
16816,148,5576
16812,184,5540
16752,200,5608
16788,168,5516
16684,96,5592
16784,104,5528
16852,164,5428
16816,32,5604
16712,96,5564
16772,112,5744
16784,208,5576
16820,152,5516
16832,152,5636
16756,92,5600
16728,-20,5488
16748,24,5580
16784,204,5524
16740,152,5484
16836,148,5580
16728,52,5516
16720,44,5536
16756,152,5748
16736,120,5680
16808,200,5576
16804,84,5552
16796,152,5532
16780,172,5624
16752,72,5580
16808,260,5632
16704,96,5520
16748,32,5736
16820,36,5596
16884,144,5532
16728,136,5608
16660,-112,5520
16756,216,5724
16868,108,5388
16748,160,5400
16748,184,5688
16764,116,5480
16920,128,5308
16776,44,5556
16752,148,5672
16788,160,5608
16820,116,5624
16696,56,5636
16760,60,5692
16728,64,5608
16808,56,5584
16848,64,5692
16680,168,5492
16740,140,5664
16760,116,5468
16812,100,5536
16832,172,5604
16768,236,5640
16756,180,5504
16828,136,5544
16764,168,5540
16732,20,5528
16788,116,5684
16800,128,5624
16844,44,5484
16792,84,5620
16832,104,5692
16768,152,5656
16800,112,5628
16736,104,5576
16744,200,5480
16740,136,5620
16792,16,5612
16772,108,5616
16880,176,5676
16784,244,5552
16708,180,5628
16600,128,5640
16784,136,5492
16740,216,5644
16760,192,5628
16740,100,5580
16652,84,5532
16756,152,5516
16768,208,5724
16784,212,5584
16752,168,5476
16664,156,5568
16732,96,5744
16740,136,5576
16840,96,5624
16760,128,5548
16784,172,5600
16808,108,5560
16796,184,5568
16776,88,5648
16736,156,5428
16744,104,5472
16764,44,5608
16824,92,5360
16808,96,5568
16712,60,5508
16660,60,5488
16716,216,5448
16904,64,5556
16836,164,5588
16824,180,5708
16664,152,5524
16576,-32,5636
16748,172,5864
16908,112,5756
16696,260,5412
16712,96,5688
16844,76,5576
16816,36,5532
16840,152,5728
16792,168,5636
16736,112,5516
16804,40,5500
16784,-8,5620
16828,12,5612
16776,76,5656
16824,196,5424
16696,300,5572
16840,156,5616
16728,72,5676
16788,-8,5504
16780,140,5640
16800,128,5668
16804,204,5696
16720,172,5732
16708,160,5704
16680,-16,5648
16780,-40,5544
16816,40,5532
16808,96,5508
16784,216,5504
16736,28,5532
16788,72,5536
16792,204,5492
16792,204,5560
16772,164,5600
16716,80,5556
16856,176,5548
16744,92,5520
16732,88,5592
16712,56,5604
16752,152,5632
16816,72,5544
16716,148,5596
16760,120,5580
16748,128,5660
16840,-36,5548
16784,84,5424
16760,128,5588
16764,92,5608
16752,88,5532
16764,172,5672
16840,128,5576
16852,256,5448
16784,132,5620
16832,124,5608
16656,-8,5412
16852,136,5620
16688,52,5504
16836,180,5680
16784,40,5452
16844,152,5712
16776,76,5560
16780,200,5656
16784,140,5584
16720,52,5400
16776,80,5576
16824,148,5572
16744,116,5528
16812,52,5540
16832,136,5408
16688,116,5576
16676,28,5568
16748,140,5584
16728,64,5608
16800,36,5552
16812,168,5592
16776,152,5620
16776,100,5572
16756,148,5552
16756,64,5672
16752,168,5616
16884,136,5600
16800,188,5612
16876,180,5588
16732,128,5680
16724,44,5644
16648,64,5556
16652,132,5728
16784,136,5492
16856,196,5592
16760,204,5696
16832,72,5544
16804,140,5580
16804,48,5624
16808,76,5700
16816,232,5528
16852,156,5500
16868,76,5696
16824,124,5600
16832,76,5636
16756,136,5732
16732,148,5596
16748,152,5596
16816,96,5540
16804,88,5456
16772,80,5540
16848,128,5548
16716,124,5716
16784,116,5448
16832,128,5576
16788,88,5508
16748,200,5548
16792,188,5580
16808,60,5596
16824,92,5700
16784,44,5512
16852,76,5584
16844,120,5440
16792,224,5580
16660,64,5548
16712,80,5576
16752,140,5488
16744,120,5572
16732,140,5624
16756,128,5596
16804,128,5568
16852,252,5652
16784,104,5508
16748,108,5636
16756,48,5456
16716,96,5672
16720,20,5696
16760,156,5436
16788,168,5748
16740,140,5660
16764,80,5540
16792,112,5584
16688,96,5544
16768,88,5680
16756,136,5560
16752,84,5640
16776,112,5688
16744,76,5616
16728,148,5640
16808,120,5536
16788,124,5644
16784,164,5484
16844,68,5592
16864,136,5640
16716,168,5660
16848,216,5552
16784,64,5568
16728,172,5588
16864,60,5512
16624,172,5580
16652,124,5480
16804,204,5712
16744,40,5616
16720,176,5572
16740,216,5612
16800,140,5524
16728,188,5528
16820,-12,5624
16748,160,5508
16652,144,5632
16792,140,5684
16728,128,5608
16720,124,5508
16808,164,5548
16716,224,5640
16768,148,5620
16724,160,5612
16748,92,5596
16764,8,5560
16684,144,5624
16776,268,5552
16788,128,5600
16764,8,5500
16740,100,5536
16900,72,5508
16816,92,5636
16860,36,5600
16908,108,5676
16792,116,5516
16784,148,5604
16760,92,5604
16776,216,5652
16720,104,5472
16712,108,5624
16816,44,5632
16688,196,5676
16756,168,5644
16780,84,5548
16828,188,5700
16780,96,5488
16708,160,5472
16736,92,5612
16812,140,5580
16800,84,5540
16760,184,5516
16796,212,5616
16760,68,5584
16724,120,5412
16772,80,5580
16656,92,5572
16716,112,5704
16780,148,5460
16752,188,5580
16760,216,5620
16800,172,5648
16760,108,5464
16816,184,5604
16792,136,5616
16736,120,5484
16732,128,5572
16740,228,5692
16800,224,5736
16928,200,5756
16644,44,5596
16792,28,5512
16724,104,5592
16744,32,5628
16724,40,5612
16756,160,5476
16740,112,5604
16880,104,5588
16740,164,5560
16736,96,5680
16836,84,5584
16868,248,5596
16700,96,5632
16628,140,5664
16784,152,5688
16684,188,5468
16784,180,5500
16720,232,5752
16756,228,5556
16820,104,5636
16776,136,5552
16892,180,5588
16712,164,5540
16772,88,5596
16752,80,5588
16696,192,5492
16788,272,5616
16864,172,5496
16772,92,5568
16760,184,5628
16704,-64,5716
16704,56,5480
16788,180,5616
16644,164,5572
16808,60,5608
16824,120,5520
16844,172,5624
16780,156,5528
16788,108,5576
16712,96,5600
16848,64,5620
16752,96,5568
16768,156,5520
16704,172,5576
16844,24,5552
16748,220,5580
16768,292,5764
16768,236,5640
16728,140,5600
16728,92,5572
16696,124,5600
16732,140,5488
16832,288,5564
16784,156,5544
16796,64,5596
16952,24,5532
16820,180,5676
16728,180,5520
16760,144,5468
16792,96,5408
16768,48,5636
16752,56,5636
16776,168,5492
16820,56,5652
16780,20,5700
16772,36,5524
16720,100,5704
16820,68,5584
16788,112,5544
16732,64,5548
16820,-12,5524
16756,100,5668
16808,180,5580
16780,80,5600
16764,84,5664
16800,184,5564
16964,136,5596
16808,196,5672
16756,-12,5584
16732,84,5664
16776,108,5552
16708,132,5616
16852,84,5668
16776,164,5548
16776,148,5556
16688,164,5608
16812,28,5624
16680,136,5680
16804,96,5576
16820,68,5544
16692,32,5596
16792,104,5644
16756,180,5460
16768,156,5652
16776,92,5568
16688,76,5656
16760,48,5524
16832,104,5472
16720,152,5660
16740,40,5532
16816,68,5604
16792,136,5544
16808,112,5736
16928,172,5632
16856,212,5508
16744,56,5504
16828,96,5552
16712,176,5568
16712,212,5680
16800,184,5668
16796,168,5604
16828,44,5544
16792,152,5500
16756,280,5608
16796,128,5580
16796,116,5528
16792,84,5452
16784,156,5596
16764,112,5476
16760,72,5608
16700,212,5524
16712,60,5552
16808,108,5656
16788,252,5548
16880,196,5588
16800,116,5556
16728,128,5640
16756,92,5700
16776,104,5624
16848,68,5604
16744,132,5648
16768,40,5556
16856,20,5464
16880,124,5436
16784,184,5524
16724,176,5556
16760,76,5564
16828,140,5552
16812,76,5624
16812,140,5584
16760,184,5524
16804,108,5556
16764,64,5776
16800,164,5552
16864,28,5568
16808,124,5592
16764,132,5692
16752,176,5668
16768,92,5576
16764,120,5648
16660,16,5696
16792,84,5692
16768,124,5692
16688,120,5504
16712,140,5728
16740,208,5700
16720,100,5604
16864,180,5716
16616,180,5548
16716,40,5532
16732,8,5648
16844,136,5736
16840,100,5528
16760,196,5572
16752,120,5584
16764,48,5492
16820,152,5556
16896,236,5624
16736,152,5600
16788,152,5632
16728,108,5552
16720,52,5700
16672,160,5668
16728,76,5668
16704,152,5680
16804,184,5496
16788,196,5672
16828,116,5512
16804,168,5504
16832,164,5564
16696,120,5460
16620,172,5624
16800,156,5560
16600,208,5544
16692,200,5532
16748,132,5728
16812,104,5672
16716,124,5568
16824,196,5524
16808,156,5572
16760,100,5568
16796,168,5376
16796,160,5464
16648,112,5692
16736,100,5520
16768,64,5628
16780,112,5656
16844,160,5632
16728,156,5692
16764,96,5648
16800,76,5472
16680,72,5616
16784,228,5620
16772,220,5524
16804,240,5596
16832,160,5600
16848,104,5644
16760,-12,5600
16768,192,5576
16824,256,5684
16756,224,5656
16860,36,5696
16700,0,5684
16768,64,5496
16788,156,5544
16824,128,5488
16780,332,5588
16688,84,5576
16712,40,5504
16880,184,5540
16764,148,5576
16788,96,5604
16804,152,5568
16704,64,5624
16764,68,5616
16788,108,5688
16656,124,5756
16712,120,5604
16736,-8,5612
16688,100,5656
16816,160,5536
16768,192,5600
16828,68,5744
16656,84,5508
16748,152,5576
16816,272,5552
16764,192,5584
16760,128,5568
16708,80,5624
16840,120,5600
16804,192,5672
16776,180,5608
16756,12,5572
16764,100,5528
16864,156,5676
16724,68,5636
16832,40,5660
16760,124,5604
16704,148,5540
16844,112,5716
16868,124,5664
16684,64,5684
16812,168,5520
16852,204,5608
16792,52,5560
16728,136,5664
16848,204,5640
16832,84,5496
16760,204,5600
16804,56,5632
16732,160,5560
16776,72,5552
16844,128,5712
16716,136,5568
16800,216,5728
16816,204,5600
16832,244,5660
16796,168,5492
16756,56,5760
16784,76,5508
16760,100,5656
16844,224,5476
16704,220,5604
16808,172,5600
16768,136,5616
16852,144,5704
16792,176,5560
16688,132,5540
16800,216,5616
16808,164,5704
16768,228,5648
16736,224,5576
16736,116,5576
16792,168,5408
16716,92,5632
16800,168,5592
16796,164,5472
16704,168,5512
16632,220,5520
16708,124,5360
16836,164,5644
16764,216,5536
16740,140,5540
16816,72,5440
16784,136,5540
16828,112,5708
16836,248,5668
16752,164,5656
16752,56,5496
16772,40,5568
16808,144,5672
16768,236,5628
16736,120,5608
16772,-12,5572
16796,136,5616
16632,120,5636
16700,68,5696
16692,192,5456
16732,44,5592
16748,112,5580
16796,168,5612
16824,152,5620
16768,160,5492
16676,272,5584
16776,156,5624
16736,72,5516
16768,148,5628
16724,124,5608
16704,160,5524
16672,40,5664
16776,48,5588
16784,100,5604
16780,164,5676
16716,120,5588
16744,96,5540
16816,128,5608
16800,148,5620
16712,192,5552
16828,100,5596
16856,52,5500
16732,164,5700
16776,152,5596
16772,68,5524
16832,116,5568
16784,104,5532
16760,156,5672
16648,168,5504
16748,168,5664
16696,164,5416
16788,184,5564
16800,88,5648
16760,172,5552
16776,200,5544
16720,140,5764
16736,108,5496
16756,144,5608
16704,80,5656
16808,-24,5656
16784,36,5528
16752,104,5600
16728,216,5628
16860,192,5544
16688,200,5488
16752,180,5584
16740,24,5540
16828,184,5648
16744,80,5456
16832,104,5628
16792,96,5636
16776,216,5492
16720,176,5648
16708,64,5604
16736,120,5732
16756,236,5596
16816,224,5576
16836,72,5640
16684,-4,5404
16888,88,5508
16824,56,5676
16764,296,5728
16820,232,5408
16848,76,5572
16804,148,5544
16824,56,5628
16688,168,5556
16756,156,5556
16856,84,5536
16816,132,5588
16804,100,5548
16792,-4,5576
16752,188,5504
16772,168,5720
16744,124,5536
16768,152,5592
16768,136,5524
16768,112,5640
16800,160,5552
16828,100,5708
16752,108,5600
16828,148,5604
16848,40,5628
16872,76,5576
16776,156,5652
16808,88,5452
16852,52,5616
16748,120,5640
16864,76,5548
16748,156,5636
16644,100,5584
16804,168,5580
16828,168,5416
16752,92,5648
16628,96,5648
16804,88,5500
16784,216,5620
16788,184,5608
16728,40,5564
16684,-4,5644
16860,40,5612
16740,116,5420
16888,48,5584
16804,164,5688
16664,204,5512
16756,36,5484
16796,72,5460
16880,80,5548
16768,192,5632
16704,200,5572
16764,172,5592
16852,40,5552
16760,144,5540
16688,144,5656
16788,292,5660
16712,164,5376
16828,24,5784
16780,92,5640
16756,96,5508
16708,140,5712
16752,212,5588
16812,156,5592
16780,132,5524
16820,136,5664
16728,140,5604
16816,152,5540
16712,92,5532
16760,96,5620
16728,156,5636
16828,84,5512
16776,132,5528
16792,160,5628
16712,72,5560
16788,80,5580
16720,160,5828
16712,84,5632
16828,120,5576
16744,100,5508
16792,72,5564
16708,132,5672
16832,152,5616
16852,92,5632
16768,176,5420
16688,152,5468
16648,196,5520
16748,144,5552
16684,96,5604
16712,244,5492
16704,132,5700
16764,76,5480
16720,120,5644
16736,216,5588
16780,64,5564
16688,108,5600
16764,80,5656
16736,156,5696
16744,160,5628
16776,172,5500
16808,128,5568
16788,148,5672
16688,264,5676
16756,120,5524
16776,88,5700
16704,108,5600
16792,52,5576
16760,164,5600
16812,220,5692
16808,144,5632
16748,152,5624
16788,112,5772
16728,180,5584
16684,252,5528
16756,152,5456
16792,56,5600
16820,48,5712
16848,160,5572
16768,124,5644
16840,100,5544
16736,204,5420
16696,48,5468
16776,248,5600
16764,156,5436
16820,220,5696
16796,212,5636
16716,20,5512
16800,144,5492
16768,156,5592
16736,152,5636
16752,104,5584
16768,128,5732
16696,108,5540
16756,112,5640
16876,52,5628
16700,40,5480
16772,104,5548
16716,188,5484
16800,116,5612
16808,8,5776
16788,176,5536
16880,112,5632
16632,140,5652
16720,172,5624
16844,152,5592
16784,68,5552
16760,140,5596
16804,240,5648
16736,116,5532
16732,44,5556
16712,116,5552
16888,244,5652
16664,116,5608
16808,52,5708
16804,40,5632
16800,168,5536
16768,140,5652
16824,268,5628
16804,64,5520
16768,160,5712
16836,56,5456
16792,160,5500
16768,124,5616
16884,152,5600
16752,140,5592
16776,212,5532
16800,64,5592
16852,188,5660
16736,96,5424
16844,256,5620
16820,96,5552
16816,148,5648
16888,60,5568
16784,140,5740
16796,60,5684
16760,212,5616
16804,224,5596
16868,172,5480
16740,168,5556
16820,148,5612
16688,20,5584
16700,72,5644
16784,196,5548
16716,208,5536
16660,120,5600
16744,68,5640
16692,92,5488
16724,172,5536
16760,160,5672
16848,240,5648
16816,156,5508
16820,96,5644
16760,156,5532
16828,256,5624
16848,116,5696
16812,148,5556
16728,200,5620
16840,124,5644
16836,-36,5532
16768,160,5592
16792,140,5680
16800,236,5512
16772,156,5552
16700,152,5568
16632,180,5508
16716,64,5616
16860,276,5600
16816,212,5592
16796,196,5612
16784,152,5580
16800,68,5664
16848,232,5556
16800,68,5648
16784,152,5640
16864,208,5548
16712,120,5524
16804,96,5536
16760,80,5792
16776,136,5496
16820,204,5584
16792,104,5676
16820,152,5672
16824,200,5608
16788,144,5608
16792,256,5532
16784,144,5632
16776,156,5492
16780,160,5448
16748,112,5628
16788,176,5508
16748,160,5644
16612,64,5552
16752,100,5688
16716,104,5428
16744,136,5664
16736,244,5520
16732,120,5532
16788,56,5568
16864,200,5552
16740,208,5596
16736,132,5624
16792,228,5608
16760,184,5760
16772,148,5488
16860,100,5656
16928,160,5640
16720,108,5688
16776,160,5720
16700,112,5576
16800,140,5704
16596,84,5696
16636,140,5576
16752,228,5632
16880,124,5580
16764,52,5508
16796,144,5496
16760,196,5584
16652,144,5700
16792,104,5552
16764,160,5644
16756,216,5588
16716,188,5576
16720,152,5432
16776,188,5544
16744,8,5564
16744,100,5640
16788,172,5588
16852,152,5556
16692,180,5528
16784,216,5608
16772,168,5588
16768,208,5508
16724,112,5508
16748,220,5676
16856,240,5624
16752,60,5688
16780,116,5580
16788,88,5484
16748,132,5688
16908,248,5552
16720,136,5508
16816,152,5568
16744,88,5556
16720,116,5468
16844,116,5384
16696,252,5672
16784,140,5612
16796,160,5504
16800,88,5648
16780,216,5644
16820,128,5680
16676,220,5680
16756,88,5564
16732,160,5648
16672,128,5708
16788,64,5652
16828,284,5576
16736,112,5552
16720,156,5540
16764,76,5640
16800,36,5672
16752,168,5612
16736,36,5652
16752,156,5532
16824,224,5568
16760,160,5748
16800,168,5536
16776,172,5476
16720,216,5632
16816,204,5664
16788,140,5516
16800,136,5512
16888,184,5504
16676,192,5716
16792,64,5532
16860,52,5560
16852,224,5624
16648,168,5592
16776,40,5492
16736,132,5520
16784,56,5620
16768,164,5592
16772,268,5640
16764,312,5608
16768,176,5568
16700,120,5560
16688,48,5656
16888,104,5528
16848,184,5628
16768,200,5580
16792,124,5648
16736,156,5552
16784,124,5676
16800,132,5560
16764,108,5544
16832,24,5616
16836,84,5592
16740,176,5640
16764,228,5712
16788,160,5580
16768,132,5612
16696,136,5672
16864,168,5616
16744,104,5572
16776,84,5608
16792,88,5692
16748,128,5688
16848,180,5540
16792,28,5508
16800,180,5704
16848,232,5628
16848,76,5532
16752,144,5656
16748,128,5568
16580,116,5616
16756,56,5744
16800,164,5548
16784,192,5748
16792,232,5528
16732,140,5664
16808,140,5476
16848,176,5656
16772,120,5612
16780,204,5604
16764,96,5608
16832,120,5492
16604,112,5704
16792,132,5568
16840,228,5656
16780,188,5552
16744,124,5528
16824,140,5548
16784,132,5544
16708,180,5556
16828,208,5616
16696,176,5596
16756,164,5560
16764,164,5548
16852,140,5684
16800,124,5568
16832,128,5752
16696,200,5664
16764,204,5628
16756,192,5476
16900,212,5572
16776,152,5644
16864,96,5608
16796,192,5720
16760,240,5580
16792,160,5712
16768,132,5608
16760,188,5508
16784,148,5732
16796,100,5412
16768,40,5584
16860,144,5592
16784,180,5736
16744,84,5592
16712,104,5648
16848,184,5588
16748,176,5688
16804,80,5592
16832,156,5656
16720,136,5476
16680,184,5624
16832,236,5648
16796,200,5708
16792,20,5656
16664,116,5648
16788,116,5436
16896,276,5584
16808,140,5704
16772,96,5588
16784,24,5552
16724,200,5480
16876,212,5520
16784,192,5600
16880,160,5540
16784,72,5532
16700,108,5564
16740,156,5748
16784,216,5440
16728,152,5548
16860,68,5512
16832,20,5484
16784,160,5548
16712,112,5652
16772,92,5512
16780,104,5648
16716,204,5608
16816,176,5452
16772,128,5636
16696,176,5492
16856,248,5508
16740,68,5584
16864,100,5580
16832,108,5608
16840,216,5792
16704,144,5680
16800,112,5460
16716,224,5464
16868,296,5508
16816,156,5724
16764,136,5632
16744,188,5548
16740,88,5616
16764,128,5580
16744,184,5560
16712,136,5588
16768,116,5544
16676,168,5632
16744,212,5560
16824,236,5548
16788,196,5568
16788,128,5668
16784,124,5652
16860,48,5584
16816,128,5640
16800,204,5540
16680,72,5408
16780,72,5612
16788,108,5620
16808,236,5668
16756,312,5472
16724,128,5640
16752,20,5568
16816,48,5492
16712,164,5504
16728,204,5476
16760,100,5620
16816,136,5580
16788,76,5572
16780,40,5560
16784,176,5564
16740,188,5568
16804,236,5648
16724,140,5536
16716,244,5660
16760,224,5708
16752,200,5608
16808,212,5700
16720,32,5708
16804,152,5472
16756,120,5520
16744,152,5588
16808,116,5588
16840,164,5672
16800,160,5592
16700,148,5584
16804,88,5588
16840,156,5608
16808,200,5612
16776,268,5656
16760,156,5596
16724,176,5640
16796,52,5536
16804,196,5620
16808,160,5652
16828,136,5532
16748,84,5568
16656,88,5520
16720,76,5616
16812,40,5588
16852,156,5560
16620,204,5332
16660,160,5512
16844,80,5612
16764,216,5556
16904,228,5448
16680,216,5640
16756,124,5720
16672,92,5564
16748,172,5672
16704,88,5632
16776,60,5760
16752,128,5472
16768,112,5640
16712,108,5652
16792,184,5684
16888,152,5556
16684,280,5552
16860,168,5632
16756,88,5404
16868,148,5616
16672,96,5576
16696,132,5672
16716,208,5616
16744,136,5656
16668,160,5468
16704,40,5488
16864,36,5540
16796,64,5432
16868,112,5488
16728,272,5468
16788,164,5700
16744,124,5680
16796,104,5532
16856,240,5624
16724,148,5588
16696,152,5560
16924,100,5560
16744,192,5528
16788,172,5492
16768,192,5548
16772,108,5632
16788,68,5604
16812,164,5476
16720,72,5604
16712,108,5616
16784,56,5572
16824,152,5584
16704,144,5548
16836,132,5664
16820,216,5488
16652,160,5500
16776,116,5572
16832,132,5776
16700,120,5600
16800,220,5552
16736,136,5680
16672,212,5740
16760,148,5640
16792,152,5548
16792,208,5728
16768,80,5528
16752,152,5508
16728,156,5508
16792,108,5568
16792,156,5556
16780,136,5656
16828,256,5616
16744,140,5660
16748,188,5616
16912,200,5628
16840,96,5592
16752,24,5612
16772,124,5588
16848,116,5544
16764,148,5728
16756,168,5700
16736,204,5524
16684,120,5448
16764,152,5540
16776,212,5536
16848,80,5660
16704,184,5636
16888,28,5424
16772,168,5664
16804,128,5600
16728,212,5616
16700,104,5688
16832,-16,5536
16768,104,5580
16756,172,5568
16732,116,5444
16768,80,5596
16796,64,5572
16816,124,5684
16768,208,5664
16792,152,5588
16780,208,5512
16644,104,5616
16788,80,5452
16884,204,5616
16704,168,5592
16752,80,5516
16760,28,5488
16752,52,5684
16816,104,5684
16704,112,5668
16808,40,5612
16876,80,5648
16744,208,5552
16764,228,5644
16704,96,5656
16644,184,5676
16728,132,5640
16664,240,5620
16816,152,5680
16820,152,5568
16704,84,5548
16808,152,5460
16764,112,5684
16688,228,5664
16792,224,5532
16784,72,5676
16788,172,5540
16816,152,5548
16808,152,5672
16844,136,5592
16760,188,5592
16672,112,5540
16732,140,5592
16760,132,5636
16756,108,5648
16800,176,5420
16728,188,5512
16836,192,5544
16816,228,5632
16784,80,5612
16840,84,5692
16784,124,5500
16844,128,5592
16896,56,5524
16828,68,5600
16752,104,5568
16752,288,5560
16776,136,5712
16720,168,5584
16764,292,5620
16732,116,5676
16760,64,5696
16804,148,5488
16920,76,5556
16800,108,5672
16764,164,5564
16704,168,5696
16792,72,5640
16840,120,5472
16744,224,5668
16764,212,5552
16724,120,5484
16776,68,5692
16720,108,5704
16812,84,5616
16728,164,5804
16720,108,5452
16748,144,5624
16696,72,5448
16768,116,5596
16804,80,5552
16876,124,5492
16868,236,5592
16840,136,5520
16640,72,5584
16744,108,5508
16852,96,5624
16776,140,5588
16728,88,5700
16788,216,5512
16804,92,5652
16768,268,5544
16660,112,5664
16696,144,5596
16764,136,5508
16816,132,5604
16728,184,5620
16824,152,5648
16720,164,5400
16804,204,5564
16720,160,5516
16808,228,5564
16712,124,5684
16732,64,5552
16688,88,5576
16716,172,5604
16824,120,5532
16808,80,5484
16792,112,5496
16804,116,5548
16780,124,5716
16796,44,5460
16772,160,5532
16780,92,5516
16728,0,5688
16768,92,5716
16760,232,5740
16876,188,5652
16760,192,5568
16716,76,5728
16828,76,5544
16740,204,5584
16792,164,5548
16788,172,5556
16744,68,5684
16816,116,5596
16780,56,5564
16848,84,5592
16736,144,5548
16756,112,5552
16748,92,5636
16728,144,5712
16728,88,5520
16856,160,5564
16760,104,5520
16780,156,5652
16848,104,5500
16720,108,5684
16792,192,5632
16784,172,5704
16776,136,5628
16776,92,5524
16736,168,5640
16768,100,5752
16728,124,5564
16640,156,5636
16704,60,5548
16836,156,5644
16828,200,5492
16852,152,5604
16780,152,5588
16804,156,5664
16748,64,5448
16788,76,5500
16792,108,5512
16756,248,5616
16856,120,5712
16816,144,5540
16744,152,5452
16764,20,5568
16840,144,5532
16796,144,5672
16820,128,5540
16816,128,5704
16704,220,5692
16744,116,5748
16788,160,5620
16808,128,5568
16676,148,5616
16800,108,5572
16816,208,5532
16764,184,5432
16808,44,5720
16800,120,5728
16656,144,5580
16860,108,5564
16820,104,5600
16700,116,5612
16680,68,5576
16600,192,5536
16800,160,5656
16800,216,5640
16780,192,5652
16772,128,5516
16732,64,5548
16844,148,5680
16756,84,5748
16816,184,5532
16732,108,5756
16712,172,5636
16844,64,5632
16812,84,5664
16712,88,5512
16748,172,5544
16752,244,5568
16728,168,5628
16800,112,5632
16696,108,5616
16848,200,5680
16704,240,5568
16784,148,5644
16712,80,5608
16840,116,5648
16832,164,5588
16776,64,5744
16808,148,5568
16864,112,5528
16776,32,5484
16772,172,5600
16732,136,5468
16780,156,5624
16744,156,5764
16680,44,5752
16768,148,5700
16740,296,5748
16696,212,5656
16812,128,5664
16780,84,5584
16780,164,5472
16736,148,5588
16848,40,5568
16828,52,5484
16788,116,5536
16732,68,5660
16712,200,5564
16732,216,5512
16824,120,5560
16776,120,5652
16776,160,5644
16832,160,5500
16840,152,5484
16660,140,5596
16800,80,5584
16680,20,5720
16788,52,5520
16816,120,5548
16816,200,5604
16748,236,5692
16736,8,5576
16776,76,5584
16856,124,5524
16792,148,5688
16772,200,5500
16812,180,5508
16804,164,5512
16812,168,5604
16760,228,5608
16708,240,5684
16776,164,5560
16788,68,5608
16768,180,5660
16856,160,5592
16700,140,5632
16728,28,5564
16668,80,5684
16772,128,5556
16696,168,5652
16732,172,5728
16792,152,5732
16792,144,5680
16832,124,5424
16788,144,5612
16784,276,5668
16772,180,5560
16764,124,5568
16760,176,5532
16684,160,5668
16744,144,5548
16708,128,5580
16800,148,5664
16728,172,5616
16736,88,5564
16656,224,5616
16688,200,5660
16852,204,5680
16888,212,5500
16768,104,5712
16820,68,5704
16796,112,5556
16824,204,5560
16768,152,5572
16704,172,5548
16832,144,5660
16792,80,5704
16824,92,5544
16728,144,5524
16676,176,5640
16792,36,5584
16856,168,5692
16648,184,5704
16700,220,5600
16916,276,5748
16868,268,5640
16824,128,5696
16740,252,5700
16800,228,5500
16820,108,5568
16768,92,5548
16792,92,5612
16788,160,5628
16776,72,5552
16784,92,5596
16800,168,5428
16724,156,5504
16752,136,5636
16780,132,5624
16764,220,5600
16808,208,5808
16816,192,5544
16724,140,5524
16696,88,5560
16824,16,5452
16832,152,5736
16840,192,5612
16768,136,5624
16764,132,5572
16760,128,5516
16780,80,5540
16796,80,5476
16864,132,5536
16800,116,5500
16704,124,5708
16784,168,5636
16776,124,5452
16804,172,5620
16704,208,5552
16812,136,5604
16804,228,5600
16788,136,5516
16896,84,5656
16800,188,5576
16720,112,5608
16772,48,5584
16812,104,5660
16800,196,5544
16732,188,5560
16736,176,5652
16816,92,5552
16708,124,5696
16796,128,5512
16824,188,5552
16852,168,5540
16728,64,5688
16776,40,5572
16740,60,5472
16832,140,5600
16676,160,5556
16912,128,5568
16832,200,5584
16772,164,5464
16752,176,5624
16724,76,5680
16768,156,5640
16792,172,5496
16816,180,5600
16760,164,5588
16656,204,5540
16780,132,5608
16804,76,5596
16792,68,5608
16692,112,5488
16768,80,5504
16808,128,5580
16816,204,5432
16740,144,5604
16636,40,5696
16776,144,5732
16716,164,5676
16744,184,5576
16728,188,5512
16768,88,5632
16792,48,5560
16652,196,5536
16740,168,5612
16784,8,5620
16768,72,5488
16720,24,5696
16772,128,5596
16904,104,5652
16836,64,5560
16800,96,5600
16692,152,5664
16776,184,5580
16764,100,5580
16712,104,5624
16840,92,5584
16824,136,5596
16708,228,5448
16720,100,5560
16772,92,5572
16740,-20,5572
16832,76,5572
16904,152,5704
16720,164,5588
16820,44,5472
16796,80,5444
16812,180,5440
16804,280,5592
16832,236,5588
16888,132,5660
16792,228,5664
16724,88,5648
16696,160,5756
16732,48,5596
16804,140,5556
16816,88,5600
16760,108,5660
16716,76,5556
16720,136,5508
16816,76,5604
16688,96,5492
16748,216,5504
16824,124,5496
16820,112,5564
16712,216,5616
16820,236,5568
16712,64,5552
16832,212,5688
16824,240,5624
16812,120,5620
16720,104,5656
16792,48,5516
16764,40,5648
16792,72,5492
16732,156,5568
16708,116,5492
16784,108,5596
16780,32,5396
16716,144,5676
16692,144,5600
16676,192,5588
16828,156,5636
16780,260,5552
16780,160,5544
16736,204,5592
16676,148,5616
16776,64,5484
16768,60,5592
16744,72,5620
16772,152,5684
16836,180,5552
16804,120,5580
16756,68,5744
16752,168,5500
16884,248,5624
16760,168,5656
16720,156,5472
16800,120,5604
16812,84,5628
16612,160,5532
16772,52,5512
16724,184,5576
16864,188,5684
16796,164,5744
16720,80,5728
16664,140,5620
16864,204,5516
16752,84,5548
16656,152,5608
16816,132,5648
16892,148,5472
16828,236,5408
16704,320,5692
16776,92,5732
16876,36,5456
16760,144,5628
16764,128,5664
16648,208,5752
16776,100,5488
16892,48,5692
16788,-16,5468
16764,196,5576
16820,228,5728
16692,256,5672
16820,108,5600
16708,28,5668
16784,104,5540
16768,128,5652
16752,156,5572
16728,36,5764
16852,72,5376
16732,132,5664
16732,140,5616
16848,204,5524
16760,172,5580
16724,132,5580
16840,120,5684
16716,-32,5524
16768,172,5560
16740,216,5660
16840,216,5700
16780,144,5356
16752,68,5556
16808,184,5592
16732,160,5772
16876,148,5528
16748,192,5624
16824,68,5552
16824,116,5588
16716,152,5456
16752,152,5612
16708,128,5552
16712,44,5524
16760,96,5648
16804,204,5568
16760,152,5572
16764,164,5584
16732,84,5672
16824,100,5636
16708,68,5592
16800,84,5600
16768,116,5456
16860,132,5596
16724,116,5672
16800,184,5584
16736,120,5592
16808,88,5516
16836,196,5560
16788,248,5688
16740,180,5668
16840,180,5616
16764,40,5668
16700,136,5628
16784,196,5556
16804,148,5636
16836,144,5612
16804,24,5628
16712,124,5620
16840,128,5592
16768,156,5684
16820,80,5536
16820,112,5564
16720,36,5704
16736,148,5604
16848,108,5500
16680,200,5548
16732,108,5612
16812,176,5628
16788,172,5576
16888,144,5652
16740,100,5660
16760,104,5608
16816,160,5620
16784,164,5576
16760,160,5596
16804,100,5480
16724,156,5576
16812,136,5620
16728,208,5616
16676,52,5576
16784,148,5548
16688,164,5644
16808,220,5608
16776,184,5600
16748,80,5536
16768,76,5548
16788,204,5620
16680,156,5628
16840,84,5512
16764,108,5656
16832,148,5588
16732,124,5536
16724,52,5508
16740,148,5568
16760,160,5616
16792,152,5664
16908,236,5648
16736,44,5616
16716,0,5560
16740,76,5560
16796,120,5616
16760,328,5736
16684,140,5600
16772,128,5536
16812,104,5608
16776,140,5704
16780,252,5568
16752,124,5636
16776,116,5516
16672,152,5648
16856,148,5632
16784,220,5596
16680,144,5708
16880,152,5512
16672,148,5452
16732,224,5432
16768,112,5644
16844,140,5472
16732,100,5580
16712,204,5572
16808,184,5576
16756,48,5500
16816,148,5716
16728,148,5592
16824,144,5664
16796,140,5556
16772,92,5768
16780,104,5572
16768,252,5624
16812,208,5552
16660,132,5672
16808,112,5520
16720,68,5608
16840,100,5400
16724,124,5728
16664,76,5744
16764,96,5632
16768,80,5604
16736,64,5504
16752,228,5772
16768,32,5576
16772,56,5420
16784,236,5548
16740,252,5668
16732,116,5616
16768,56,5620
16732,52,5672
16864,36,5536
16852,192,5564
16832,180,5480
16684,124,5556
16736,104,5572
16816,84,5456
16724,180,5704
16740,120,5512
16708,84,5516
16796,160,5564
16760,52,5548
16784,96,5572
16724,68,5484
16696,44,5516
16788,148,5672
16744,56,5644
16832,208,5612
16824,96,5596
16752,60,5712
16836,48,5616
16720,188,5640
16712,80,5528
16784,232,5508
16872,188,5524
16764,172,5568
16832,104,5484
16780,144,5520
16800,224,5456
16708,216,5552
16776,120,5548
16760,160,5616
16792,56,5548
16852,136,5604
16764,128,5564
16788,212,5600
16756,88,5820
16840,56,5484
16804,124,5568
16744,108,5636
16716,132,5496
16744,128,5548
16796,88,5324
16768,204,5636
16868,164,5592
16796,152,5552
16776,164,5672
16852,180,5676
16816,144,5628
16844,176,5632
16820,152,5652
16732,20,5700
16744,60,5636
16800,84,5568
16692,152,5648
16828,160,5560
16788,140,5596
16784,36,5644
16796,148,5616
16764,108,5544
16816,164,5592
16748,160,5364
16756,152,5560
16816,212,5560
16800,328,5660
16692,248,5640
16752,8,5544
16820,164,5600
16808,84,5604
16776,148,5560
16760,160,5616
16896,84,5456
16840,76,5504
16844,148,5548
16756,8,5700
16720,116,5572
16704,100,5616
16728,220,5508
16728,124,5636
16780,172,5548
16724,144,5608
16700,160,5576
16760,72,5560
16772,84,5624
16720,140,5540
16828,232,5500
16752,144,5496
16804,76,5592
16844,88,5560
16788,196,5624
16720,260,5572
16876,220,5688
16760,164,5516
16708,96,5632
16704,48,5568
16688,172,5488
16748,256,5612
16704,68,5584
16768,60,5552
16748,196,5580
16804,204,5476
16832,204,5584
16776,72,5532
16712,108,5500
16636,140,5488
16664,300,5560
16848,220,5516
16756,248,5572
16740,220,5652
16780,48,5636
16680,100,5660
16788,72,5624
16756,92,5448
16752,36,5592
16696,192,5620
16820,60,5600
16860,136,5644
16748,116,5628
16780,72,5544
16836,244,5536
16692,132,5560
16720,92,5440
16776,176,5580
16752,140,5640
16744,196,5524
16772,156,5552
16812,200,5576
16704,160,5680
16792,148,5552
16752,124,5484
16680,100,5516
16800,120,5512
16736,132,5900
16780,172,5616
16764,92,5620
16724,108,5608
16816,68,5636
16744,184,5596
16768,228,5452
16756,204,5628
16832,284,5540
16704,52,5556
16760,156,5516
16868,196,5660
16672,128,5696
16712,156,5684
16780,44,5612
16820,136,5496
16856,-4,5632
16696,184,5524
16796,72,5712
16844,124,5492
16688,92,5608
16716,156,5460
16748,116,5596
16752,200,5576
16692,156,5656
16768,36,5540
16784,100,5528
16748,232,5680
16760,112,5616
16768,140,5584
16760,92,5520
16772,96,5548
16804,116,5668
16820,236,5516
16752,80,5520
16740,152,5544
16872,132,5516
16744,204,5616
16732,104,5652
16832,144,5612
16696,96,5640
16672,72,5532
16780,112,5552
16852,148,5524
16744,208,5488
16728,84,5640
16792,128,5744
16788,128,5452
16852,80,5536
16756,52,5532
16732,20,5540
16812,244,5516
16796,232,5496
16704,16,5820
16792,76,5636
16832,152,5540
16860,140,5640
16836,208,5600
16712,96,5656
16784,96,5624
16760,136,5604
16784,208,5624
16724,188,5712
16712,60,5600
16824,88,5548
16756,148,5568
16736,192,5556
16812,96,5616
16808,56,5544
16684,24,5540
16696,88,5552
16672,152,5500
16748,236,5508
16800,36,5656
16812,140,5640
16788,128,5584
16792,160,5556
16776,188,5596
16728,160,5664
16748,156,5648
16784,136,5456
16728,144,5556
16724,88,5632
16820,136,5604
16800,116,5548
16728,44,5636
16736,148,5600
16904,132,5616
16824,48,5480
16772,108,5604
16764,128,5656
16856,272,5544
16736,156,5520
16816,216,5528
16772,132,5604
16872,148,5552
16832,148,5556
16800,96,5716
16808,132,5544
16884,116,5608
16792,176,5536
16708,160,5524
16732,92,5448
16776,32,5604
16772,116,5708
16832,196,5696
16652,196,5492
16732,160,5684
16780,128,5608
16712,200,5488
16852,192,5596
16732,172,5456
16772,180,5652
16688,200,5696
16808,136,5520
16780,96,5576
16840,224,5584
16804,48,5520
16812,112,5600
16696,-4,5608
16756,160,5588
16800,264,5608
16700,180,5548
16832,176,5612
16808,64,5596
16776,156,5560
16784,116,5656
16728,104,5528
16776,148,5556
16768,60,5492
16784,188,5576
16768,88,5656
16792,152,5596
16788,164,5688
16764,152,5512
16788,156,5736
16872,236,5484
16792,88,5572
16804,132,5632
16776,124,5584
16776,148,5536
16828,228,5540
16760,152,5584
16768,188,5832
16804,64,5608
16856,160,5468
16740,196,5656
16688,160,5628
16720,96,5632
16768,64,5548
16832,92,5576
16796,244,5784
16776,296,5612
16736,160,5628
16744,132,5576
16808,156,5600
16808,168,5536
16772,156,5604
16760,108,5736
16736,44,5528
16820,28,5456
16776,260,5696
16720,212,5600
16812,212,5592
16688,88,5744
16764,100,5624
16740,200,5660
16820,244,5468
16740,224,5680
16752,104,5548
16876,136,5648
16796,204,5448
16684,108,5608
16808,124,5624
16736,112,5540
16704,136,5376
16848,180,5596
16692,112,5604
16840,184,5648
16720,76,5472
16748,136,5712
16704,208,5564
16804,280,5604
16752,156,5508
16792,148,5560
16720,172,5404
16840,228,5572
16640,48,5680
16792,104,5812
16764,200,5492
16800,116,5640
16740,296,5580
16788,96,5528
16764,144,5688
16776,40,5500
16764,140,5480
16744,244,5588
16688,204,5672
16776,184,5608
16720,-32,5396
16800,68,5484
16664,268,5492
16728,240,5612
16748,72,5532
16776,144,5560
16788,108,5548
16736,152,5572
16740,236,5652
16808,80,5576
16768,168,5584
16712,200,5588
16816,228,5708
16760,264,5540
16856,160,5576
16772,172,5568
16740,112,5552
16784,104,5528
16676,128,5548
16696,32,5504
16740,124,5644
16736,188,5592
16828,52,5468
16736,164,5548
16828,84,5456
16836,228,5520
16680,92,5596
16788,140,5816
16712,264,5660
16844,256,5708
16872,88,5540
16812,172,5500
16764,112,5700
16780,112,5648
16712,176,5588
16720,140,5532
16748,16,5544
16756,80,5536
16832,100,5584
16736,112,5616
16760,144,5532
16748,156,5728
16800,128,5504
16768,4,5668
16780,204,5500
16720,168,5480
16760,200,5476
16780,100,5640
16792,16,5452
16732,84,5544
16788,112,5632
16808,136,5500
16744,116,5476
16800,156,5552
16792,116,5504
16832,140,5552
16784,64,5592
16804,72,5472
16772,260,5456
16780,164,5580
16712,72,5560
16696,224,5664
16752,172,5576
16736,148,5600
16780,76,5604
16832,76,5584
16816,204,5696
16780,36,5516
16860,164,5456
16764,172,5652
16832,124,5624
16828,220,5616
16732,156,5656
16768,116,5672
16832,192,5656
16756,44,5472
16764,196,5668
16888,56,5556
16772,172,5552
16768,76,5500
16760,168,5624
16744,244,5656
16808,184,5436
16644,96,5564
16836,112,5656
16728,148,5612
16776,248,5528
16776,164,5480
16824,208,5600
16664,152,5652
16808,100,5536
16716,60,5564
16752,144,5520
16812,212,5568
16740,248,5548
16668,192,5552
16752,204,5616
16872,160,5536
16748,220,5472
16720,192,5712
16728,240,5624
16864,108,5684
16772,68,5456
16792,152,5656
16776,168,5516
16772,64,5520
16760,192,5584
16824,80,5544
16832,156,5620
16808,180,5592
16716,148,5584
16732,220,5620
16744,164,5576
16644,160,5740
16756,132,5476
16788,152,5436
16776,92,5468
16808,68,5644
16780,44,5520
16740,164,5580
16788,216,5560
16732,136,5512
16844,112,5524
16788,96,5600
16880,160,5560
16856,172,5552
16752,252,5612
16776,108,5556
16780,132,5536
16788,156,5636
16736,268,5624
16800,104,5592
16712,128,5468
16736,160,5556
16736,152,5528
16816,236,5588
16728,116,5512
16772,176,5460
16744,36,5504
16780,148,5576
16736,184,5508
16804,212,5640
16728,128,5576
16672,124,5648
16700,96,5584
16820,136,5496
16720,208,5656
16728,28,5632
16768,64,5696
16832,64,5584
16792,28,5620
16712,136,5736
16728,156,5536
16756,148,5596
16744,120,5512
16804,144,5612
16804,252,5552
16796,144,5648
16832,176,5648
16824,68,5628
16748,164,5480
16760,144,5612
16796,64,5664
16780,48,5440
16756,24,5456
16848,68,5412
16832,140,5696
16856,128,5596
16732,128,5516
16736,88,5596
16744,256,5664
16812,116,5664
16804,216,5516
16748,236,5508
16732,40,5620
16848,116,5664
16876,156,5624
16720,152,5608
16792,172,5596
16680,104,5700
16760,-44,5580
16760,80,5552
16740,240,5648
16728,140,5600
16828,148,5600
16736,124,5556
16712,224,5620
16784,296,5544
16836,216,5476
16768,156,5700
16776,148,5568
16824,152,5560
16840,16,5628
16752,264,5560
16848,108,5468
16792,32,5504
16744,76,5560
16796,100,5576
16740,132,5704
16704,96,5572
16792,112,5668
16768,152,5592
16728,168,5572
16764,240,5552
16704,164,5420
16740,124,5724
16724,180,5640
16740,176,5708
16748,32,5600
16792,132,5548
16840,156,5460
16824,92,5576
16716,212,5528
16776,24,5640
16792,120,5548
16756,76,5600
16812,116,5628
16748,112,5620
16776,132,5556
16792,136,5464
16772,92,5544
16772,152,5548
16752,120,5680
16804,144,5576
16752,160,5392
16832,68,5500
16672,112,5648
16792,40,5600
16876,140,5580
16800,136,5572
16800,108,5560
16776,244,5468
16656,148,5372
16784,80,5524
16732,184,5604
16700,252,5632
16864,212,5632
16900,140,5484
16696,-64,5512
16804,112,5508
16740,120,5572
16784,96,5568
16768,60,5604
16724,140,5488
16760,132,5656
16744,120,5460
16824,184,5564
16760,184,5648
16812,140,5476
16684,72,5508
16832,264,5536
16816,104,5464
16848,116,5624
16808,12,5572
16796,76,5812
16812,192,5628
16764,128,5596
16740,248,5452
16680,84,5548
16716,124,5464
16764,124,5452
16816,120,5440
16944,120,5540
16720,104,5364
16752,180,5480
16760,96,5636
16772,80,5608
16836,180,5492
16792,116,5592
16792,104,5684
16784,128,5552
16820,124,5544
16792,132,5480
16776,256,5684
16728,88,5536
16740,168,5632
16720,128,5536
16784,136,5476
16824,56,5528
16728,192,5664
16744,4,5476
16732,60,5520
16780,216,5720
16732,276,5668
16752,232,5552
16664,92,5564
16752,68,5816
16832,204,5448
16628,232,5572
16744,68,5512
16816,124,5616
16792,172,5572
16892,84,5564
16784,236,5612
16856,100,5624
16756,140,5596
16752,140,5648
16712,164,5644
16792,144,5612
16744,152,5600
16800,108,5560
16812,84,5564
16800,100,5588
16740,192,5532
16792,40,5592
16712,136,5616
16740,112,5488
16704,68,5524
16876,140,5504
16832,108,5644
16848,88,5600
16808,172,5548
16696,84,5568
16688,132,5612
16760,188,5576
16816,168,5648
16788,88,5548
16840,152,5548
16744,88,5484
16816,192,5616
16724,192,5532
16740,92,5636
16792,20,5312
16816,116,5684
16836,144,5436
16704,172,5516
16744,108,5632
16832,104,5528
16712,136,5436
16812,312,5760
16876,164,5708
16868,84,5504
16796,156,5648
16816,132,5536
16844,164,5636
16792,156,5640
16796,40,5680
16764,40,5416
16836,128,5560
16756,128,5472
16756,148,5632
16864,208,5668
16724,52,5664
16684,208,5708
16712,152,5672
16792,164,5608
16904,76,5716
16704,76,5632
16772,204,5528
16784,144,5612
16744,148,5532
16736,168,5648
16708,124,5672
16752,0,5600
16876,176,5616
16772,148,5576
16808,100,5540
16756,204,5572
16748,76,5688
16740,124,5580
16816,176,5676
16856,240,5736
16816,164,5672
16732,64,5436
16852,232,5568
16788,124,5588
16764,60,5548
16776,76,5632
16740,88,5588
16836,172,5604
16896,100,5568
16684,180,5532
16712,104,5524
16756,56,5572
16800,184,5460
16772,172,5676
16828,200,5700
16756,192,5592
16712,124,5700
16692,168,5536
16832,192,5556
16748,184,5608
16776,128,5732
16704,72,5540
16848,48,5712
16804,120,5664
16776,152,5488
16712,152,5548
16884,60,5620
16752,80,5484
16860,204,5504
16796,236,5632
16688,152,5592
16732,200,5640
16732,160,5496
16840,108,5576
16788,88,5544
16772,116,5596
16660,64,5476
16692,80,5632
16784,120,5372
16764,128,5620
16800,112,5664
16720,68,5544
16736,108,5620
16740,108,5560
16844,148,5604
16760,52,5536
16784,148,5636
16776,160,5548
16736,76,5564
16868,88,5644
16936,240,5532
16744,104,5752
16728,140,5488
16656,180,5608
16752,120,5608
16832,104,5636
16752,148,5500
16744,128,5520
16768,160,5544
16812,28,5484
16712,192,5584
16720,260,5576
16840,148,5612
16764,320,5564
16604,4,5516
16812,48,5600
16788,36,5520
16876,136,5524
16824,84,5584
16672,52,5520
16836,112,5640
16760,128,5548
16804,232,5700
16780,160,5596
16748,180,5660
16808,140,5648
16624,148,5544
16756,176,5676
16824,124,5576
16640,168,5648
16816,152,5564
16736,176,5472
16784,148,5624
16720,88,5704
16832,216,5452
16688,116,5600
16880,172,5452
16856,96,5700
16672,100,5568
16880,84,5508
16804,192,5552
16820,96,5720
16768,144,5468
16784,116,5592
16752,164,5520
16768,20,5536
16780,184,5572
16764,100,5504
16748,48,5688
16740,76,5520
16752,204,5608
16720,192,5600
16764,188,5420
16772,176,5556
16804,152,5624
16792,296,5596
16848,72,5772
16756,148,5572
16792,108,5484
16648,256,5600
16840,156,5672
16732,272,5644
16744,196,5616
16720,92,5648
16816,-24,5536
16784,144,5564
16704,76,5584
16800,92,5560
16704,128,5632
16696,160,5640
16852,72,5624
16776,116,5592
16672,208,5564
16636,28,5620
16792,96,5484
16808,16,5592
16832,216,5508
16752,304,5532
16740,224,5576
16672,224,5508
16812,180,5508
16772,64,5656
16872,180,5688
16792,204,5544
16820,208,5576
16704,40,5540
16740,72,5476
16720,188,5512
16728,192,5580
16736,72,5724
16804,176,5560
16684,84,5576
16756,280,5600
16776,228,5428
16824,48,5544
16852,188,5592
16736,124,5584
16724,200,5572
16860,132,5540
16768,136,5592
16760,136,5532
16860,84,5728
16804,140,5556
16732,144,5508
16708,128,5640
16760,140,5468
16748,88,5492
16740,84,5648
16820,164,5484
16784,100,5608
16912,112,5640
16800,140,5592
16884,324,5732
16828,216,5572
16744,112,5660
16784,76,5620
16788,224,5560
16780,168,5468
16856,192,5600
16820,88,5624
16728,108,5704
16788,-4,5628
16704,64,5592
16784,204,5564
16768,108,5584
16696,80,5568
16776,204,5496
16752,116,5636
16832,136,5516
16660,64,5476
16884,160,5540
16764,168,5608
16740,176,5636
16824,184,5600
16748,136,5616
16720,140,5596
16760,76,5584
16800,96,5572
16764,184,5492
16716,168,5700
16832,120,5564
16780,212,5536
16768,192,5560
16704,216,5608
16776,204,5524
16732,196,5660
16756,184,5680
16820,96,5584
16800,128,5588
16864,204,5524
16800,184,5556
16724,140,5624
16736,120,5552
16788,172,5552
16756,228,5508
16804,168,5680
16852,168,5532
16676,76,5616
16716,60,5620
16776,108,5648
16776,112,5700
16784,220,5556
16768,76,5748
16704,160,5580
16736,144,5576
16788,96,5564
16848,92,5564
16684,100,5596
16784,168,5548
16804,196,5604
16760,76,5540
16728,216,5492
16684,72,5528
16748,136,5520
16832,144,5556
16712,232,5588
16776,144,5436
16868,32,5624
16832,120,5500
16736,56,5520
16884,132,5552
16780,176,5528
16764,48,5540
16744,152,5572
16720,88,5616
16804,136,5672
16736,184,5604
16748,152,5700
16788,208,5648
16780,228,5576
16720,104,5544
16856,140,5428
16844,116,5548
16704,192,5596
16728,188,5620
16820,188,5612
16836,196,5600
16776,120,5472
16700,108,5624
16704,76,5468
16720,64,5560
16888,224,5600
16748,184,5452
16836,192,5500
16660,40,5548
16768,108,5584
16732,-4,5612
16780,92,5564
16732,196,5624
16772,140,5732
16800,108,5616
16772,84,5600
16756,168,5452
16776,172,5540
16760,148,5668
16792,64,5616
16760,156,5340
16776,88,5544
16672,200,5544
16712,140,5668
16848,160,5532
16764,116,5748
16772,156,5552
16712,0,5404
16748,76,5680
16824,68,5560
16704,128,5584
16764,152,5564
16848,64,5560
16764,172,5688
16788,140,5604
16624,304,5480
16816,164,5512
16700,176,5548
16700,52,5708
16740,200,5612
16796,148,5496
16780,152,5600
16796,144,5724
16808,84,5592
16784,64,5604
16776,120,5700
16804,76,5660
16776,124,5512
16884,212,5568
16712,132,5332
16684,120,5532
16752,168,5688
16800,60,5580
16672,88,5568
16780,192,5628
16748,180,5468
16688,156,5664
16816,152,5672
16792,20,5496
16796,116,5528
16856,56,5640
16772,164,5568
16776,136,5532
16864,132,5468
16816,124,5548
16816,112,5652
16896,116,5580
16768,80,5700
16740,120,5520
16792,-16,5592
16784,80,5556
16840,200,5532
16740,180,5580
16688,144,5520
16704,60,5656
16876,88,5624
16740,116,5604
16696,152,5516
16792,160,5480
16800,140,5520
16816,8,5444
16784,132,5704
16720,244,5556
16800,144,5644
16824,100,5736
16764,0,5664
16724,80,5588
16824,84,5576
16880,180,5696
16760,112,5600
16756,96,5532
16756,68,5592
16828,120,5752
16848,124,5544
16644,108,5620
16868,116,5536
16824,212,5480
16748,140,5576
16704,64,5524
16872,120,5480
16788,104,5556
16776,156,5564
16760,112,5544
16744,156,5576
16656,208,5600
16844,204,5632
16792,64,5512
16804,76,5588
16744,48,5428
16740,116,5524
16784,176,5600
16736,184,5612
16768,176,5728
16716,88,5520
16796,104,5492
16816,136,5740
16776,232,5520
16848,148,5500
16740,160,5580
16792,84,5708
16740,96,5492
16788,148,5524
16752,108,5616
16740,96,5616
16780,164,5628
16728,0,5544
16736,76,5532
16616,164,5608
16868,176,5576
16752,228,5604
16736,228,5668
16816,52,5512
16804,156,5500
16744,140,5720
16716,12,5524
16800,96,5660
16656,96,5608
16784,124,5600
16792,192,5600
16692,64,5572
16760,64,5472
16768,64,5420
16792,128,5500
16728,248,5540
16704,96,5524
16848,104,5460
16780,100,5576
16744,76,5696
16804,236,5568
16732,104,5648
16756,136,5560
16728,124,5584
16824,140,5560
16716,136,5520
16736,92,5516
16724,108,5516
16596,148,5668
16800,96,5668
16788,88,5764
16768,160,5580
16676,204,5496
16708,128,5704
16816,184,5620
16744,152,5696
16760,196,5548
16772,116,5616
16704,188,5616
16768,184,5652
16752,152,5596
16800,96,5740
16632,128,5548
16636,68,5500
16748,140,5536
16876,172,5700
16808,116,5500
16948,184,5528
16820,140,5548
16808,264,5552
16820,144,5564
16804,180,5460
16812,120,5548
16708,132,5568
16764,96,5640
16844,88,5544
16760,148,5556
16800,52,5572
16744,240,5692
16748,256,5640
16688,196,5640
16856,124,5684
16832,60,5572
16796,168,5584
16736,108,5556
16764,28,5604
16824,136,5572
16784,96,5648
16872,312,5560
16708,184,5668
16800,108,5548
16768,76,5676
16796,88,5564
16848,188,5584
16848,160,5624
16860,84,5736
16856,64,5552
16596,72,5560
16776,96,5616
16752,68,5604
16716,84,5520
16820,136,5560
16820,136,5524
16832,120,5596
16724,124,5596
16784,68,5424
16712,120,5616
16776,120,5560
16880,36,5560
16760,96,5540
16832,168,5568
16716,80,5640
16772,112,5396
16804,104,5660
16696,128,5448
16836,240,5652
16788,104,5576
16712,104,5512
16628,124,5596
16800,108,5596
16820,204,5544
16816,276,5600
16788,184,5596
16792,92,5528
16720,92,5624
16688,212,5736
16760,152,5452
16728,164,5476
16784,-12,5500
16760,152,5648
16760,156,5492
16772,184,5680
16832,132,5572
16828,88,5648
16712,36,5556
16688,148,5548
16820,128,5708
16808,168,5696
16724,180,5668
16724,36,5576
16744,116,5476
16776,92,5664
16780,176,5692
16696,248,5532
16632,168,5632
16768,20,5800
16636,64,5600
16676,148,5560
16724,80,5528
16784,156,5476
16704,224,5560
16816,136,5564
16748,188,5564
16820,196,5632
16752,100,5560
16828,76,5724
16740,172,5656
16820,220,5620
16844,204,5576
16712,28,5636
16704,96,5508
16672,192,5708
16800,188,5668
16776,44,5556
16780,52,5540
16756,112,5592
16752,56,5492
16728,200,5576
16784,84,5516
16724,140,5636
16716,164,5552
16740,236,5608
16856,40,5608
16868,204,5560
16872,136,5736
16752,180,5576
16792,-44,5536
16724,80,5596
16728,84,5492
16752,184,5592
16728,264,5492
16828,204,5540
16776,56,5576
16760,96,5584
16744,192,5664
16776,144,5532
16640,128,5592
16760,108,5548
16780,164,5624
16840,232,5560
16720,248,5648
16712,192,5496
16784,80,5548
16708,80,5576
16808,216,5568
16720,316,5556
16848,196,5560
16708,60,5460
16788,76,5516
16720,96,5508
16800,104,5484
16756,160,5468
16820,80,5492
16860,16,5608
16724,212,5632
16732,132,5700
16808,144,5736
16844,92,5592
16780,112,5416
16792,176,5776
16812,200,5672
16820,184,5616
16752,200,5516
16744,156,5560
16768,128,5656
16776,96,5580
16808,144,5592
16840,96,5680
16768,216,5628
16792,140,5624
16768,196,5584
16848,232,5548
16744,224,5548
16752,156,5512
16852,116,5588
16728,116,5600
16720,120,5624
16760,116,5560
16764,196,5692
16760,128,5548
16728,112,5488
16796,88,5652
16700,152,5452
16820,152,5600
16808,108,5516
16856,128,5472
16828,72,5492
16760,184,5608
16664,264,5616
16784,184,5672
16904,96,5624
16772,212,5612
16792,184,5536
16736,164,5656
16768,276,5636
16832,88,5600
16760,108,5700
16836,136,5656
16672,140,5512
16768,100,5500
16748,68,5548
16768,156,5604
16756,184,5616
16684,204,5644
16724,84,5512
16744,120,5452
16776,220,5756
16824,272,5552
16844,232,5524
16816,152,5620
16756,-8,5692
16888,120,5524
16784,136,5616
16728,140,5548
16800,96,5684
16808,152,5560
16824,48,5508
16812,84,5608
16720,136,5588
16816,240,5612
16808,152,5548
16776,132,5508
16796,84,5472
16768,164,5596
16716,136,5664
16716,36,5560
16924,92,5532
16840,96,5456
16796,132,5512
16704,136,5512
16764,116,5524
16776,132,5616
16872,112,5648
16736,184,5700
16788,184,5668
16680,188,5648
16808,164,5580
16872,132,5696
16736,96,5580
16892,112,5616
16868,64,5576
16760,52,5716
16856,32,5556
16784,148,5460
16800,116,5540
16796,136,5648
16684,212,5632
16800,88,5600
16736,220,5524
16812,124,5608
16832,124,5628
16716,108,5508
16696,104,5584
16700,208,5496
16720,196,5548
16804,76,5660
16724,148,5628
16804,152,5696
16788,148,5616
16776,12,5668
16536,124,5468
16760,40,5648
16776,44,5556
16848,148,5668
16744,172,5580
16648,356,5760
16732,116,5680
16476,168,5388
16804,196,5760
16864,8,5648
16804,64,5504
16872,140,5680
16664,172,5404
16628,64,5532
16660,76,5652
16784,20,5620
16836,-72,5524
16840,116,5448
16736,364,5668
16776,116,5540
16712,80,5624
16900,48,5616
16616,100,5580
16668,48,5468
16920,56,5608
16764,60,5636
16728,256,5704
16688,16,5520
16832,-8,5532
16876,168,5572
16776,168,5668
16800,76,5660
16732,152,5516
16808,100,5572
16740,268,5564
16712,160,5688
16752,160,5580
16804,40,5552
16744,112,5512
16740,68,5648
16684,216,5688
16872,224,5588
16744,84,5468
16760,80,5812
16712,64,5524
16776,164,5620
16788,224,5628
16776,224,5628
16680,100,5460
16744,88,5572
16732,72,5484
16832,144,5864
16740,296,5540
16820,316,5504
16816,112,5532
16660,180,5600
16752,112,5588
16808,116,5524
16700,228,5588
16736,216,5500
16804,164,5608
16824,156,5604
16680,116,5604
16720,52,5708
16704,168,5664
16828,112,5736
16848,144,5552
16732,200,5560
16676,180,5688
16820,244,5672
16808,72,5580
16844,60,5500
16768,68,5704
16684,168,5632
16800,88,5540
16716,136,5544
16696,96,5556
16828,136,5476
16708,280,5536
16840,204,5644
16776,164,5556
16812,80,5564
16788,88,5668
16812,216,5720
16812,188,5600
16804,248,5564
16864,136,5728
16808,124,5524
16808,168,5672
16748,160,5548
16836,152,5612
16816,96,5560
16752,140,5720
16752,228,5516
16792,184,5524
16792,132,5636
16728,132,5536
16820,236,5640
16816,120,5688
16816,136,5548
16752,156,5548
16892,212,5580
16736,112,5492
16684,172,5664
16876,252,5732
16800,300,5512
16620,164,5452
16848,160,5580
16772,108,5636
16900,132,5548
16776,104,5596
16700,160,5500
16748,56,5540
16760,132,5648
16776,220,5516
16736,132,5664
16800,164,5588
16812,168,5632
16868,192,5608
16904,216,5556
16904,356,5836
16696,8,5476
16672,172,5648
16904,116,5732
16664,192,5420
16836,240,5572
16864,248,5404
16688,204,5380
16840,112,5584
16768,168,5572
16744,184,5676
16768,64,5660
16808,212,5568
16808,72,5556
16860,252,5584
16512,188,5524
16964,140,5644
16792,184,5504
16688,184,5520
16872,168,5788
16688,280,5416
16776,180,5500
16840,152,5716
16724,236,5568
16696,76,5532
16680,236,5556
16712,92,5568
16732,84,5652
16740,52,5600
16716,220,5576
16712,168,5656
16804,176,5584
16708,204,5416
16708,232,5520
16788,288,5704
16664,276,5572
16708,120,5656
16752,228,5556
16872,76,5524
16520,136,5412
16788,96,5800
16772,180,5504
16872,188,5620
16784,104,5724
16796,116,5536
16824,200,5584
16760,68,5584
16760,180,5568
16744,132,5600
16856,52,5536
16776,212,5588
16864,172,5480
16792,172,5568
16812,172,5648
16724,216,5616
16764,212,5624
16792,184,5624
16816,228,5588
16736,112,5620
16724,188,5716
16816,168,5568
16744,136,5452
16748,72,5576
16928,124,5456
16244,88,5584
17456,160,6084
16320,112,5248
16372,356,5372
16924,88,5860
16832,40,5536
16720,56,5252
16708,52,5548
16628,148,5688
16800,184,5640
16744,252,5348
16752,56,5588
16716,-60,5828
16712,228,5668
16828,244,5544
16640,128,5612
16692,88,5816
16840,84,5628
16844,112,5652
16708,172,5640
16840,172,5768
16676,80,5576
16860,96,5620
16772,236,5640
16736,88,5548
16744,128,5480
16788,80,5532
16660,216,5572
16808,184,5528
16708,216,5684
16772,112,5632
16792,80,5524
16804,132,5548
16800,208,5608
16736,72,5728
16868,136,5552
16760,88,5636
16696,176,5652
16784,164,5620
16744,240,5652
16748,140,5432
16800,176,5584
16792,172,5528
16684,156,5592
16848,236,5608
16816,44,5544
16748,92,5700
16840,212,5576
16752,344,5476
16736,96,5560
16780,128,5456
16780,200,5552
16848,224,5588
16712,120,5584
16696,168,5556
16740,172,5684
16780,20,5576
16800,120,5480
16744,120,5696
16760,164,5448
16828,104,5508
16800,-4,5620
16728,80,5504
16784,208,5560
16800,76,5460
16724,172,5528
16744,52,5676
16800,96,5528
16676,276,5532
16728,192,5644
16820,200,5664
16704,172,5540
16700,104,5684
16760,108,5556
16756,184,5552
16648,16,5548
16752,112,5524
16956,200,5480
16808,100,5592
16712,140,5592
16708,196,5604
16816,152,5600
16700,168,5680
16784,152,5588
16776,96,5636
16856,192,5736
16736,184,5704
16736,208,5676
16848,140,5540
16776,124,5680
16864,196,5588
16724,132,5636
16796,80,5708
16784,112,5564
16852,168,5556
16760,44,5620
16772,152,5632
16680,168,5660
16804,176,5488
16768,172,5696
16664,132,5488
16712,164,5580
16668,144,5412
15764,80,5324
17324,228,6532
17300,52,5848
16416,300,5224
16624,488,6144
16772,-96,5608
16704,-32,5440
16904,140,5588
16752,64,5472
16744,268,5668
16956,260,5312
17220,-36,4540
16676,240,5100
16700,24,5108
17084,80,5484
16768,180,5384
16704,172,5528
16884,236,5864
16792,188,5816
16744,64,5892
16744,84,5884
16700,84,5720
16812,84,5772
16900,120,5620
16764,188,5608
16732,92,5556
16844,124,5640
16796,152,5360
16696,248,5492
16720,252,5392
16792,184,5436
16680,312,5396
16780,24,5556
16764,96,5372
16768,80,5572
16780,116,5624
16776,108,5548
16760,184,5632
16788,16,5648
16812,64,5716
16840,196,5628
16808,0,5760
16888,100,5620
16812,108,5752
16816,188,5676
16792,196,5596
16696,152,5608
16652,124,5644
16832,64,5416
16808,172,5464
16776,212,5476
16808,172,5476
16704,184,5452
16844,108,5480
16788,16,5556
16596,4,5656
16808,180,5616
16900,276,5624
16604,152,5536
16824,180,5760
16828,276,5632
16752,48,5536
16716,160,5680
16680,52,5712
16900,240,5664
16848,152,5444
16756,32,5624
16840,48,5616
16716,116,5464
16764,40,5448
16744,96,5736
16692,104,5436
16784,48,5532
16840,32,5476
16744,188,5572
16756,176,5676
16804,148,5600
16768,208,5612
16800,148,5736
16708,92,5636
16780,92,5648
16732,80,5516
16796,140,5700
16732,172,5524
16696,224,5624
16704,156,5560
16848,28,5588
16744,168,5484
16800,156,5564
16752,136,5568
16796,120,5560
16824,156,5668
16848,72,5460
16680,72,5536
16748,164,5456
16752,280,5588
16784,208,5580
16792,172,5524
16840,68,5780
16764,228,5692
16764,128,5616
16748,92,5612
16800,200,5700
16764,192,5532
16800,260,5428
16744,104,5648
16848,172,5616
16796,224,5568
16812,172,5688
16800,144,5644
16808,220,5576
16692,292,5508
16808,272,5520
16840,156,5664
16720,156,5628
16812,124,5616
16772,172,5588
16756,312,5656
16720,76,5716
16692,96,5568
16792,96,5572
16752,4,5396
16980,368,5408
16876,-88,5460
16700,348,5748
16520,208,5356
16728,4,5524
16720,100,5520
16780,204,5340
16892,256,5608
16736,300,5584
16744,236,5628
16712,116,5636
16880,-12,5508
16836,132,5576
16696,92,5384
16720,124,5680
16828,68,5588
16596,32,5336
16884,32,5624
16848,280,5524
16736,164,5488
16824,296,5640
16748,356,5636
16688,220,5640
16784,88,5516
16768,120,5556
16752,-44,5744
16664,72,5592
16760,72,5600
16792,120,5484
16740,160,5624
16732,-40,5632
16788,140,5412
16792,152,5612
16704,152,5556
16788,336,5652
16768,244,5616
16780,156,5432
16652,92,5532
16760,64,5552
16748,108,5512
16784,192,5588
16736,80,5552
16940,-12,5508
16752,116,5596
16768,272,5600
16816,180,5536
16824,144,5624
16644,156,5632
16780,148,5552
16760,172,5576
16836,152,5560
16768,196,5676
16672,116,5552
16776,80,5492
16772,96,5664
16772,160,5584
16736,68,5508
16844,128,5552
16792,156,5620
16728,72,5552
16648,48,5468
16784,0,5688
16784,120,5444
16760,168,5420
16796,152,5552
16716,136,5500
16872,204,5540
16780,264,5684
16724,272,5528
16800,216,5572
16816,8,5528
16816,144,5660
16792,68,5636
16832,176,5596
16800,172,5496
16776,36,5512
16736,148,5476
16780,100,5596
16748,228,5648
16836,184,5516
16876,152,5508
16784,208,5480
16696,84,5608
16776,172,5560
16780,128,5544
16852,68,5600
16780,152,5500
16752,56,5484
16768,64,5600
16740,36,5548
16776,244,5516
16820,224,5600
16764,64,5724
16668,152,5552
16788,228,5416
16800,44,5648
16804,136,5532
16692,92,5504
16792,164,5708
16696,144,5476
16680,84,5560
16808,-20,5612
16728,168,5532
16736,136,5512
16704,112,5572
16836,68,5656
16856,100,5568
16844,172,5744
16668,188,5560
16836,188,5512
16832,52,5504
16816,132,5576
16784,88,5572
16760,152,5648
16832,96,5552
16736,172,5504
16704,176,5652
16760,148,5616
16804,152,5700
16800,116,5656
16800,112,5684
16764,112,5456
16740,184,5696
16864,228,5548
16776,180,5520
16796,112,5536
16744,44,5624
16776,124,5564
16792,84,5592
16772,188,5564
16848,116,5516
16692,120,5592
16736,164,5624
16756,48,5636
16728,148,5636
16796,128,5708
16860,164,5520
16744,188,5544
16744,152,5596
16752,152,5612
16864,132,5592
16828,216,5548
16696,200,5596
16876,108,5684
16624,128,5544
16752,112,5596
16792,80,5600
16784,100,5632
16816,172,5484
16784,120,5584
16812,152,5620
16840,112,5428
16784,168,5692
16772,172,5536
16816,64,5524
16728,124,5676
16808,152,5728
16836,132,5728
16764,140,5568
16648,112,5776
16780,172,5516
16768,228,5608
16796,156,5700
16804,176,5584
16748,144,5696
16820,76,5648
16824,160,5504
16728,124,5536
16756,104,5548
16772,156,5568
16772,188,5552
16796,64,5532
16752,164,5652
16740,64,5620
16680,176,5732
16820,296,5552
16832,172,5512
16828,140,5476
16688,128,5548
16844,212,5508
16824,188,5552
16712,220,5548
16720,244,5500
16796,84,5480
16784,108,5540
16680,116,5588
16704,104,5552
16816,124,5500
16784,156,5624
16624,108,5548
17108,48,5740
16572,156,5404
16780,100,5784
16736,248,5820
16564,200,5380
17060,216,5816
16548,-16,5532
16756,76,5432
16832,40,5680
16664,40,5524
16880,220,5588
16824,280,5516
16764,156,5588
16788,100,5640
16780,172,5548
16816,164,5524
16736,76,5572
16768,80,5588
16720,88,5720
16796,148,5712
16752,180,5648
16644,340,5604
16852,144,5652
16492,328,5516
16836,216,5716
16812,200,5716
16736,68,5632
16880,124,5540
16820,76,5428
16732,132,5504
16784,212,5548
16788,300,5464
16588,200,5272
17116,8,5584
16560,184,5576
16656,72,5588
16896,84,5688
16748,172,5552
16824,172,5496
16764,116,5700
16720,44,5548
16812,40,5676
16744,112,5516
16776,192,5656
16808,292,5688
16832,292,5548
16744,388,5308
16880,324,5608
16808,92,5600
16744,148,5456
16860,180,5444
16672,220,5408
16808,128,5572
16804,180,5508
16784,96,5532
16716,8,5564
16760,84,5680
16864,32,5540
16736,144,5592
16664,164,5520
16768,172,5704
16864,160,5548
16812,104,5496
16864,172,5672
16788,180,5540
16828,204,5676
16780,164,5520
16808,104,5544
16840,32,5392
16760,220,5508
16700,164,5588
16760,152,5632
16812,128,5540
16712,64,5548
16784,56,5480
16788,152,5648
16812,76,5672
16712,128,5608
16728,184,5784
16812,124,5644
16732,100,5512
16712,192,5600
16744,200,5528
16772,152,5508
16828,192,5552
16784,156,5700
16724,144,5508
16864,200,5696
16756,268,5660
16748,152,5692
16768,92,5672
16812,88,5636
16840,140,5600
16728,156,5576
16736,24,5532
16768,204,5692
16708,212,5608
16808,216,5612
16772,100,5472
16584,148,5444
16972,376,5772
16616,212,5464
16768,136,5552
16808,172,5840
16864,248,5580
16736,112,5408
16776,108,5444
16704,108,5528
16720,108,5556
16760,64,5496
16772,248,5616
16720,136,5508
16768,224,5720
16700,316,5512
16784,280,5692
16756,128,5656
16864,280,5584
16752,96,5568
16672,80,5576
16756,128,5468
